% (list of variables written in this file):
%
% Time,    Channel 1,Channel 2,Channel 3
4.963750467E+6	1.252368E+0	3.940611E-1	-2.278156E+0
4.963750567E+6	1.238744E+0	3.943855E-1	-2.133485E+0
4.963750666E+6	1.260477E+0	3.953586E-1	-1.984272E+0
4.963750767E+6	1.251070E+0	3.947099E-1	-1.835059E+0
4.963750867E+6	1.235500E+0	3.950342E-1	-1.682602E+0
4.963750967E+6	1.267289E+0	3.953586E-1	-1.530470E+0
4.963751067E+6	1.250746E+0	3.940611E-1	-1.375093E+0
4.963751167E+6	1.240690E+0	3.940611E-1	-1.219068E+0
4.963751267E+6	1.267289E+0	3.937367E-1	-1.061097E+0
4.963751367E+6	1.251395E+0	3.943855E-1	-9.031251E-1
4.963751467E+6	1.235500E+0	3.960074E-1	-7.435316E-1
4.963751568E+6	1.261775E+0	3.982780E-1	-5.852355E-1
4.963751667E+6	1.237446E+0	3.989268E-1	-4.243443E-1
4.963751768E+6	1.236797E+0	4.005487E-1	-2.631287E-1
4.963751867E+6	1.256909E+0	4.024949E-1	-1.015886E-1
4.963751966E+6	1.241987E+0	4.021706E-1	5.865409E-2
4.963752067E+6	1.231607E+0	4.018462E-1	2.195456E-1
4.963752171E+6	1.253990E+0	4.005487E-1	3.794641E-1
4.963752267E+6	1.253016E+0	3.995755E-1	5.397070E-1
4.963752367E+6	1.248151E+0	3.986024E-1	7.002745E-1
4.963752467E+6	1.262099E+0	3.986024E-1	8.598688E-1
4.963752567E+6	1.264045E+0	3.979537E-1	1.018166E+0
4.963752667E+6	1.250097E+0	3.979537E-1	1.176138E+0
4.963752767E+6	1.264370E+0	3.973049E-1	1.332165E+0
4.963752867E+6	1.264694E+0	3.966561E-1	1.487218E+0
4.963752967E+6	1.253341E+0	3.963318E-1	1.640975E+0
4.963753066E+6	1.266316E+0	3.969805E-1	1.792784E+0
4.963753167E+6	1.266640E+0	3.963318E-1	1.943621E+0
4.963753267E+6	1.259828E+0	3.956830E-1	2.091214E+0
4.963753367E+6	1.266316E+0	3.956830E-1	2.238483E+0
4.963753467E+6	1.271830E+0	3.953586E-1	2.382184E+0
4.963753567E+6	1.259180E+0	3.953586E-1	2.523614E+0
4.963753667E+6	1.265992E+0	3.953586E-1	2.663747E+0
4.963753766E+6	1.266965E+0	3.953586E-1	2.799987E+0
4.963753867E+6	1.258206E+0	3.953586E-1	2.933957E+0
4.963753966E+6	1.263072E+0	3.953586E-1	3.064358E+0
4.963754067E+6	1.268262E+0	3.963318E-1	3.192489E+0
4.963754168E+6	1.259504E+0	3.963318E-1	3.316079E+0
4.963754266E+6	1.261126E+0	3.963318E-1	3.437723E+0
4.963754368E+6	1.270533E+0	3.953586E-1	3.556771E+0
4.963754466E+6	1.264694E+0	3.956830E-1	3.671278E+0
4.963754566E+6	1.261450E+0	3.950342E-1	3.781893E+0
4.963754667E+6	1.268911E+0	3.953586E-1	3.888291E+0
4.963754766E+6	1.265018E+0	3.950342E-1	3.992093E+0
4.963754867E+6	1.259180E+0	3.950342E-1	4.091355E+0
4.963754966E+6	1.266965E+0	3.950342E-1	4.187373E+0
4.963755068E+6	1.263397E+0	3.953586E-1	4.278524E+0
4.963755167E+6	1.254963E+0	3.953586E-1	4.364811E+0
4.963755266E+6	1.265667E+0	3.956830E-1	4.447204E+0
4.963755366E+6	1.269884E+0	3.960074E-1	4.525057E+0
4.963755468E+6	1.257882E+0	3.966561E-1	4.600314E+0
4.963755566E+6	1.273452E+0	3.966561E-1	4.669408E+0
4.963755667E+6	1.268911E+0	3.963318E-1	4.734609E+0
4.963755768E+6	1.264694E+0	3.969805E-1	4.794296E+0
4.963755867E+6	1.269560E+0	3.969805E-1	4.849766E+0
4.963755966E+6	1.271830E+0	3.973049E-1	4.900046E+0
4.963756068E+6	1.260477E+0	3.979537E-1	4.945135E+0
4.963756168E+6	1.268911E+0	3.995755E-1	4.986332E+0
4.963756267E+6	1.266316E+0	4.015218E-1	5.022339E+0
4.963756367E+6	1.253341E+0	4.021706E-1	5.053480E+0
4.963756466E+6	1.253990E+0	4.018462E-1	5.080080E+0
4.963756568E+6	1.252692E+0	4.008731E-1	5.100840E+0
4.963756668E+6	1.252368E+0	4.002243E-1	5.116411E+0
4.963756767E+6	1.255936E+0	3.995755E-1	5.127440E+0
4.963756868E+6	1.263072E+0	3.989268E-1	5.132630E+0
4.963756966E+6	1.272804E+0	3.995755E-1	5.134252E+0
4.963757066E+6	1.237771E+0	4.002243E-1	5.130684E+0
4.963757168E+6	1.269884E+0	4.031437E-1	5.120952E+0
4.963757267E+6	1.256585E+0	4.060631E-1	5.107004E+0
4.963757367E+6	1.239068E+0	4.083338E-1	5.087216E+0
4.963757468E+6	1.256585E+0	4.083338E-1	5.062563E+0
4.963757567E+6	1.253016E+0	4.089825E-1	5.033368E+0
4.963757667E+6	1.224795E+0	4.096313E-1	4.998335E+0
4.963757767E+6	1.242312E+0	4.099557E-1	4.959408E+0
4.963757866E+6	1.242312E+0	4.102800E-1	4.914967E+0
4.963757967E+6	1.236797E+0	4.109288E-1	4.866634E+0
4.963758068E+6	1.239717E+0	4.115775E-1	4.812137E+0
4.963758166E+6	1.246853E+0	4.119019E-1	4.754072E+0
4.963758270E+6	1.239392E+0	4.128751E-1	4.691142E+0
4.963758366E+6	1.235824E+0	4.135238E-1	4.623345E+0
4.963758466E+6	1.246853E+0	4.131994E-1	4.551007E+0
4.963758566E+6	1.239068E+0	4.135238E-1	4.474128E+0
4.963758666E+6	1.236473E+0	4.131994E-1	4.392708E+0
4.963758767E+6	1.242961E+0	4.135238E-1	4.307395E+0
4.963758867E+6	1.241663E+0	4.135238E-1	4.216891E+0
4.963758967E+6	1.234202E+0	4.135238E-1	4.122496E+0
4.963759066E+6	1.248151E+0	4.135238E-1	4.024532E+0
4.963759167E+6	1.237122E+0	4.135238E-1	3.922675E+0
4.963759267E+6	1.235824E+0	4.115775E-1	3.815953E+0
4.963759368E+6	1.243285E+0	4.112532E-1	3.705663E+0
4.963759466E+6	1.244583E+0	4.115775E-1	3.592453E+0
4.963759567E+6	1.225444E+0	4.099557E-1	3.474378E+0
4.963759668E+6	1.250746E+0	4.086581E-1	3.354356E+0
4.963759767E+6	1.243934E+0	4.070362E-1	3.230118E+0
4.963759867E+6	1.242312E+0	4.054144E-1	3.102635E+0
4.963759968E+6	1.262099E+0	4.047656E-1	2.972883E+0
4.963760066E+6	1.252368E+0	4.047656E-1	2.839562E+0
4.963760167E+6	1.244258E+0	4.044412E-1	2.703321E+0
4.963760266E+6	1.260477E+0	4.044412E-1	2.565459E+0
4.963760366E+6	1.255936E+0	4.037925E-1	2.424678E+0
4.963760469E+6	1.241339E+0	4.034681E-1	2.280977E+0
4.963760567E+6	1.254314E+0	4.028193E-1	2.135006E+0
4.963760667E+6	1.243285E+0	4.018462E-1	1.987088E+0
4.963760769E+6	1.241663E+0	4.015218E-1	1.836900E+0
4.963760867E+6	1.254638E+0	4.011974E-1	1.685415E+0
4.963760968E+6	1.241663E+0	4.018462E-1	1.532632E+0
4.963761067E+6	1.247502E+0	4.018462E-1	1.377903E+0
4.963761167E+6	1.242961E+0	4.018462E-1	1.221552E+0
4.963761267E+6	1.251719E+0	4.037925E-1	1.062930E+0
4.963761367E+6	1.238744E+0	4.067119E-1	9.043088E-1
4.963761467E+6	1.231283E+0	4.080094E-1	7.453631E-1
4.963761567E+6	1.230310E+0	4.093069E-1	5.854444E-1
4.963761667E+6	1.223498E+0	4.106044E-1	4.245527E-1
4.963761767E+6	1.219605E+0	4.106044E-1	2.639854E-1
4.963761867E+6	1.223498E+0	4.112532E-1	1.030939E-1
4.963761966E+6	1.223822E+0	4.112532E-1	-5.714882E-2
4.963762067E+6	1.220578E+0	4.102800E-1	-2.183646E-1
4.963762168E+6	1.228364E+0	4.089825E-1	-3.792558E-1
4.963762267E+6	1.229012E+0	4.076850E-1	-5.391739E-1
4.963762367E+6	1.231607E+0	4.067119E-1	-7.000650E-1
4.963762467E+6	1.232905E+0	4.073606E-1	-8.593342E-1
4.963762568E+6	1.226417E+0	4.060631E-1	-1.017306E+0
4.963762667E+6	1.227715E+0	4.063875E-1	-1.174953E+0
4.963762767E+6	1.231932E+0	4.070362E-1	-1.331627E+0
4.963762868E+6	1.230310E+0	4.083338E-1	-1.486030E+0
4.963762969E+6	1.222525E+0	4.093069E-1	-1.639460E+0
4.963763068E+6	1.217983E+0	4.109288E-1	-1.792566E+0
4.963763168E+6	1.214740E+0	4.119019E-1	-1.941130E+0
4.963763267E+6	1.216686E+0	4.122263E-1	-2.089370E+0
4.963763368E+6	1.220903E+0	4.115775E-1	-2.235339E+0
4.963763467E+6	1.221227E+0	4.096313E-1	-2.379037E+0
4.963763567E+6	1.217983E+0	4.067119E-1	-2.521438E+0
4.963763667E+6	1.231607E+0	4.041168E-1	-2.659622E+0
4.963763767E+6	1.228688E+0	4.018462E-1	-2.796184E+0
4.963763867E+6	1.225120E+0	4.005487E-1	-2.931125E+0
4.963763966E+6	1.243609E+0	4.002243E-1	-3.061523E+0
4.963764067E+6	1.220903E+0	4.002243E-1	-3.189652E+0
4.963764168E+6	1.240690E+0	3.992512E-1	-3.313563E+0
4.963764268E+6	1.239068E+0	3.986024E-1	-3.435528E+0
4.963764367E+6	1.231283E+0	3.989268E-1	-3.553601E+0
4.963764473E+6	1.243934E+0	3.989268E-1	-3.668105E+0
4.963764569E+6	1.239068E+0	4.002243E-1	-3.778392E+0
4.963764669E+6	1.231607E+0	4.015218E-1	-3.885761E+0
4.963764767E+6	1.240366E+0	4.018462E-1	-3.988263E+0
4.963764867E+6	1.240690E+0	4.011974E-1	-4.088170E+0
4.963764967E+6	1.230959E+0	3.998999E-1	-4.183861E+0
4.963765067E+6	1.245556E+0	3.986024E-1	-4.274686E+0
4.963765167E+6	1.241014E+0	3.979537E-1	-4.361618E+0
4.963765268E+6	1.235824E+0	3.982780E-1	-4.444334E+0
4.963765366E+6	1.247502E+0	3.992512E-1	-4.522832E+0
4.963765467E+6	1.241987E+0	3.992512E-1	-4.597114E+0
4.963765568E+6	1.242636E+0	3.998999E-1	-4.665882E+0
4.963765667E+6	1.248151E+0	3.995755E-1	-4.730757E+0
4.963765767E+6	1.238419E+0	3.998999E-1	-4.790442E+0
4.963765868E+6	1.236797E+0	3.992512E-1	-4.845910E+0
4.963765967E+6	1.238419E+0	3.992512E-1	-4.896836E+0
4.963766069E+6	1.238419E+0	3.992512E-1	-4.942898E+0
4.963766168E+6	1.243285E+0	3.986024E-1	-4.983120E+0
4.963766268E+6	1.236149E+0	3.979537E-1	-5.019450E+0
4.963766366E+6	1.238744E+0	3.982780E-1	-5.050265E+0
4.963766466E+6	1.234527E+0	3.982780E-1	-5.076215E+0
4.963766567E+6	1.231932E+0	3.995755E-1	-5.097624E+0
4.963766667E+6	1.246529E+0	3.998999E-1	-5.113518E+0
4.963766767E+6	1.237122E+0	3.995755E-1	-5.124872E+0
4.963766867E+6	1.240690E+0	4.005487E-1	-5.130386E+0
4.963766966E+6	1.248475E+0	3.995755E-1	-5.131035E+0
4.963767068E+6	1.232580E+0	3.998999E-1	-5.126818E+0
4.963767167E+6	1.233554E+0	3.998999E-1	-5.117735E+0
4.963767267E+6	1.235824E+0	4.002243E-1	-5.103463E+0
4.963767367E+6	1.244583E+0	3.995755E-1	-5.084325E+0
4.963767466E+6	1.232256E+0	3.992512E-1	-5.060321E+0
4.963767566E+6	1.239717E+0	3.992512E-1	-5.030479E+0
4.963767667E+6	1.249773E+0	3.998999E-1	-4.996419E+0
4.963767767E+6	1.235500E+0	3.995755E-1	-4.957494E+0
4.963767867E+6	1.248151E+0	3.998999E-1	-4.913055E+0
4.963767966E+6	1.257882E+0	4.005487E-1	-4.863750E+0
4.963768067E+6	1.222849E+0	4.021706E-1	-4.809580E+0
4.963768166E+6	1.236149E+0	4.037925E-1	-4.751192E+0
4.963768268E+6	1.236797E+0	4.054144E-1	-4.687615E+0
4.963768367E+6	1.212793E+0	4.067119E-1	-4.619820E+0
4.963768467E+6	1.223822E+0	4.070362E-1	-4.547161E+0
4.963768566E+6	1.241014E+0	4.076850E-1	-4.470284E+0
4.963768667E+6	1.218632E+0	4.076850E-1	-4.386920E+0
4.963768770E+6	1.226417E+0	4.076850E-1	-4.303555E+0
4.963768867E+6	1.245880E+0	4.073606E-1	-4.213379E+0
4.963768967E+6	1.223822E+0	4.070362E-1	-4.119959E+0
4.963769067E+6	1.222525E+0	4.076850E-1	-4.021674E+0
4.963769167E+6	1.239717E+0	4.067119E-1	-3.918522E+0
4.963769267E+6	1.230634E+0	4.047656E-1	-3.811479E+0
4.963769367E+6	1.221876E+0	4.031437E-1	-3.702489E+0
4.963769467E+6	1.238419E+0	4.021706E-1	-3.588309E+0
4.963769569E+6	1.229337E+0	4.021706E-1	-3.472182E+0
4.963769667E+6	1.223822E+0	4.011974E-1	-3.351191E+0
4.963769768E+6	1.241339E+0	4.008731E-1	-3.225333E+0
4.963769869E+6	1.241663E+0	3.989268E-1	-3.100124E+0
4.963769968E+6	1.232256E+0	3.986024E-1	-2.970374E+0
4.963770067E+6	1.248151E+0	3.992512E-1	-2.836731E+0
4.963770168E+6	1.242961E+0	3.992512E-1	-2.702115E+0
4.963770266E+6	1.232905E+0	3.995755E-1	-2.563283E+0
4.963770366E+6	1.245556E+0	3.989268E-1	-2.421855E+0
4.963770468E+6	1.242961E+0	3.986024E-1	-2.277832E+0
4.963770567E+6	1.235824E+0	3.979537E-1	-2.132512E+0
4.963770667E+6	1.248151E+0	3.973049E-1	-1.984596E+0
4.963770767E+6	1.248151E+0	3.976293E-1	-1.834735E+0
4.963770868E+6	1.237771E+0	3.982780E-1	-1.681629E+0
4.963770968E+6	1.255611E+0	3.982780E-1	-1.530794E+0
4.963771067E+6	1.241663E+0	3.998999E-1	-1.373147E+0
4.963771168E+6	1.237122E+0	4.011974E-1	-1.218744E+0
4.963771268E+6	1.249773E+0	4.015218E-1	-1.062070E+0
4.963771368E+6	1.241339E+0	4.015218E-1	-9.037738E-1
4.963771468E+6	1.235176E+0	4.011974E-1	-7.448291E-1
4.963771566E+6	1.245556E+0	4.011974E-1	-5.845867E-1
4.963771667E+6	1.238744E+0	4.008731E-1	-4.236956E-1
4.963771767E+6	1.235824E+0	4.008731E-1	-2.631287E-1
4.963771867E+6	1.241014E+0	4.005487E-1	-1.019130E-1
4.963771966E+6	1.242636E+0	4.008731E-1	5.897847E-2
4.963772067E+6	1.234851E+0	4.018462E-1	2.188969E-1
4.963772167E+6	1.246853E+0	4.021706E-1	3.810860E-1
4.963772266E+6	1.234202E+0	4.021706E-1	5.410045E-1
4.963772367E+6	1.235176E+0	4.028193E-1	7.015720E-1
4.963772467E+6	1.238419E+0	4.018462E-1	8.624639E-1
4.963772569E+6	1.237122E+0	4.011974E-1	1.021085E+0
4.963772669E+6	1.246204E+0	3.995755E-1	1.176787E+0
4.963772766E+6	1.226742E+0	3.989268E-1	1.333787E+0
4.963772867E+6	1.246529E+0	3.973049E-1	1.488840E+0
4.963772967E+6	1.251719E+0	3.969805E-1	1.642272E+0
4.963773068E+6	1.235176E+0	3.963318E-1	1.794406E+0
4.963773168E+6	1.258206E+0	3.966561E-1	1.945567E+0
4.963773268E+6	1.243285E+0	3.963318E-1	2.092512E+0
4.963773368E+6	1.266316E+0	3.969805E-1	2.238808E+0
4.963773467E+6	1.265667E+0	3.976293E-1	2.382508E+0
4.963773567E+6	1.253990E+0	3.982780E-1	2.523614E+0
4.963773667E+6	1.244907E+0	3.986024E-1	2.663747E+0
4.963773766E+6	1.248799E+0	4.002243E-1	2.801285E+0
4.963773868E+6	1.240041E+0	4.015218E-1	2.934930E+0
4.963773967E+6	1.233554E+0	4.015218E-1	3.065656E+0
4.963774068E+6	1.244583E+0	4.021706E-1	3.191841E+0
4.963774168E+6	1.234202E+0	4.031437E-1	3.326459E+0
4.963774275E+6	1.223173E+0	4.024949E-1	3.437074E+0
4.963774366E+6	1.234202E+0	4.021706E-1	3.554825E+0
