Time	Channel1	Channel2	Channel3
4.733966138E+6	-1.399421E+0	7.473094E-1	-3.274638E+0
4.733966239E+6	-1.415316E+0	7.476338E-1	-3.149754E+0
4.733966339E+6	-1.402990E+0	7.476338E-1	-3.020652E+0
4.733966439E+6	-1.400719E+0	7.476338E-1	-2.888631E+0
4.733966539E+6	-1.413370E+0	7.479581E-1	-2.754016E+0
4.733966640E+6	-1.406882E+0	7.479581E-1	-2.616805E+0
4.733966739E+6	-1.394231E+0	7.479581E-1	-2.476026E+0
4.733966839E+6	-1.417262E+0	7.482825E-1	-2.333300E+0
4.733966939E+6	-1.400719E+0	7.486069E-1	-2.188304E+0
4.733967039E+6	-1.407855E+0	7.482825E-1	-2.041362E+0
4.733967139E+6	-1.401368E+0	7.489313E-1	-1.892798E+0
4.733967239E+6	-1.404936E+0	7.489313E-1	-1.741639E+0
4.733967339E+6	-1.392285E+0	7.482825E-1	-1.589182E+0
4.733967439E+6	-1.410126E+0	7.482825E-1	-1.434454E+0
4.733967538E+6	-1.406233E+0	7.479581E-1	-1.278753E+0
4.733967639E+6	-1.398124E+0	7.482825E-1	-1.122079E+0
4.733967739E+6	-1.406233E+0	7.482825E-1	-9.637836E-1
4.733967839E+6	-1.410775E+0	7.482825E-1	-8.051632E-1
4.733967940E+6	-1.399746E+0	7.476338E-1	-6.449209E-1
4.733968039E+6	-1.413370E+0	7.476338E-1	-4.853273E-1
4.733968139E+6	-1.401043E+0	7.473094E-1	-3.237873E-1
4.733968239E+6	-1.399746E+0	7.473094E-1	-1.622472E-1
4.733968339E+6	-1.409802E+0	7.476338E-1	-2.653340E-3
4.733968439E+6	-1.401368E+0	7.482825E-1	1.579138E-1
4.733968539E+6	-1.397151E+0	7.479581E-1	3.184810E-1
4.733968639E+6	-1.406558E+0	7.479581E-1	4.809945E-1
4.733968740E+6	-1.402990E+0	7.479581E-1	6.428594E-1
4.733968843E+6	-1.394556E+0	7.482825E-1	8.008319E-1
4.733968939E+6	-1.403638E+0	7.482825E-1	9.597776E-1
4.733969039E+6	-1.402990E+0	7.486069E-1	1.117101E+0
4.733969141E+6	-1.395205E+0	7.482825E-1	1.273777E+0
4.733969240E+6	-1.401692E+0	7.486069E-1	1.430128E+0
4.733969339E+6	-1.406558E+0	7.479581E-1	1.584208E+0
4.733969440E+6	-1.395529E+0	7.482825E-1	1.737315E+0
4.733969539E+6	-1.396826E+0	7.479581E-1	1.888152E+0
4.733969639E+6	-1.400070E+0	7.479581E-1	2.037043E+0
4.733969738E+6	-1.397800E+0	7.479581E-1	2.185609E+0
4.733969840E+6	-1.396502E+0	7.479581E-1	2.328012E+0
4.733969938E+6	-1.408828E+0	7.476338E-1	2.470740E+0
4.733970039E+6	-1.399746E+0	7.482825E-1	2.610548E+0
4.733970138E+6	-1.393907E+0	7.486069E-1	2.748086E+0
4.733970238E+6	-1.399097E+0	7.482825E-1	2.882704E+0
4.733970339E+6	-1.397800E+0	7.482825E-1	3.014079E+0
4.733970438E+6	-1.392610E+0	7.479581E-1	3.143508E+0
4.733970538E+6	-1.398448E+0	7.473094E-1	3.269368E+0
4.733970638E+6	-1.399097E+0	7.476338E-1	3.392309E+0
4.733970739E+6	-1.391636E+0	7.479581E-1	3.511033E+0
4.733970839E+6	-1.390988E+0	7.473094E-1	3.627162E+0
4.733970939E+6	-1.398124E+0	7.469850E-1	3.739723E+0
4.733971039E+6	-1.393583E+0	7.469850E-1	3.848716E+0
4.733971140E+6	-1.390015E+0	7.466606E-1	3.953167E+0
4.733971239E+6	-1.383527E+0	7.473094E-1	4.054375E+0
4.733971339E+6	-1.398124E+0	7.476338E-1	4.151690E+0
4.733971440E+6	-1.390339E+0	7.476338E-1	4.243815E+0
4.733971539E+6	-1.384500E+0	7.476338E-1	4.332048E+0
4.733971639E+6	-1.397151E+0	7.479581E-1	4.417361E+0
4.733971738E+6	-1.393907E+0	7.479581E-1	4.497484E+0
4.733971838E+6	-1.387095E+0	7.486069E-1	4.573066E+0
4.733971939E+6	-1.398448E+0	7.482825E-1	4.644430E+0
4.733972038E+6	-1.403638E+0	7.482825E-1	4.710929E+0
4.733972140E+6	-1.378986E+0	7.482825E-1	4.771914E+0
4.733972239E+6	-1.387420E+0	7.479581E-1	4.829330E+0
4.733972339E+6	-1.398124E+0	7.476338E-1	4.881556E+0
4.733972439E+6	-1.383203E+0	7.479581E-1	4.929240E+0
4.733972539E+6	-1.380283E+0	7.479581E-1	4.972059E+0
4.733972639E+6	-1.396826E+0	7.482825E-1	5.010661E+0
4.733972738E+6	-1.392285E+0	7.489313E-1	5.042775E+0
4.733972839E+6	-1.384500E+0	7.486069E-1	5.071321E+0
4.733972939E+6	-1.397151E+0	7.482825E-1	5.094028E+0
4.733973041E+6	-1.392285E+0	7.486069E-1	5.111545E+0
4.733973138E+6	-1.379959E+0	7.479581E-1	5.124521E+0
4.733973242E+6	-1.397800E+0	7.479581E-1	5.131981E+0
4.733973339E+6	-1.404287E+0	7.489313E-1	5.135225E+0
4.733973440E+6	-1.384500E+0	7.489313E-1	5.132630E+0
4.733973540E+6	-1.387420E+0	7.489313E-1	5.125818E+0
4.733973638E+6	-1.401368E+0	7.486069E-1	5.113491E+0
4.733973740E+6	-1.386122E+0	7.482825E-1	5.095650E+0
4.733973842E+6	-1.382878E+0	7.489313E-1	5.072943E+0
4.733973938E+6	-1.402341E+0	7.486069E-1	5.046019E+0
4.733974039E+6	-1.383851E+0	7.486069E-1	5.013581E+0
4.733974139E+6	-1.378661E+0	7.479581E-1	4.975952E+0
4.733974241E+6	-1.394556E+0	7.486069E-1	4.934431E+0
4.733974338E+6	-1.386446E+0	7.482825E-1	4.886746E+0
4.733974439E+6	-1.376715E+0	7.489313E-1	4.834195E+0
4.733974539E+6	-1.400719E+0	7.489313E-1	4.777104E+0
4.733974639E+6	-1.388717E+0	7.492556E-1	4.715471E+0
4.733974739E+6	-1.387420E+0	7.492556E-1	4.649620E+0
4.733974840E+6	-1.391312E+0	7.489313E-1	4.578904E+0
4.733974939E+6	-1.387095E+0	7.489313E-1	4.504620E+0
4.733975038E+6	-1.386446E+0	7.492556E-1	4.424497E+0
4.733975137E+6	-1.381581E+0	7.492556E-1	4.340157E+0
4.733975239E+6	-1.390015E+0	7.489313E-1	4.251925E+0
4.733975339E+6	-1.403314E+0	7.495800E-1	4.159151E+0
4.733975439E+6	-1.382230E+0	7.492556E-1	4.062160E+0
4.733975539E+6	-1.390015E+0	7.492556E-1	3.961601E+0
4.733975638E+6	-1.400395E+0	7.492556E-1	3.856825E+0
4.733975739E+6	-1.375418E+0	7.495800E-1	3.748157E+0
4.733975840E+6	-1.337141E+0	7.502288E-1	3.636894E+0
4.733975939E+6	-1.426669E+0	7.495800E-1	3.520440E+0
4.733976039E+6	-1.424723E+0	7.489313E-1	3.402365E+0
4.733976139E+6	-1.429913E+0	7.482825E-1	3.278451E+0
4.733976239E+6	-1.440617E+0	7.489313E-1	3.152590E+0
4.733976339E+6	-1.444185E+0	7.489313E-1	3.023811E+0
4.733976439E+6	-1.442239E+0	7.476338E-1	2.891138E+0
4.733976539E+6	-1.439320E+0	7.473094E-1	2.756520E+0
4.733976639E+6	-1.440617E+0	7.460119E-1	2.618333E+0
4.733976739E+6	-1.451322E+0	7.453631E-1	2.478525E+0
4.733976839E+6	-1.450997E+0	7.456875E-1	2.335149E+0
4.733976940E+6	-1.450673E+0	7.456875E-1	2.191124E+0
4.733977039E+6	-1.451322E+0	7.456875E-1	2.044504E+0
4.733977140E+6	-1.449700E+0	7.460119E-1	1.895289E+0
4.733977239E+6	-1.450024E+0	7.473094E-1	1.744127E+0
4.733977338E+6	-1.451646E+0	7.469850E-1	1.591993E+0
4.733977438E+6	-1.452295E+0	7.473094E-1	1.437913E+0
4.733977539E+6	-1.453917E+0	7.479581E-1	1.281562E+0
4.733977639E+6	-1.454890E+0	7.486069E-1	1.123265E+0
4.733977740E+6	-1.456512E+0	7.492556E-1	9.656164E-1
4.733977839E+6	-1.459107E+0	7.495800E-1	8.066707E-1
4.733977939E+6	-1.459107E+0	7.495800E-1	6.467520E-1
4.733978038E+6	-1.460404E+0	7.495800E-1	4.865090E-1
4.733978138E+6	-1.458134E+0	7.492556E-1	3.259417E-1
4.733978240E+6	-1.458782E+0	7.499044E-1	1.644013E-1
4.733978340E+6	-1.458458E+0	7.499044E-1	5.131730E-3
4.733978439E+6	-1.461702E+0	7.499044E-1	-1.560840E-1
4.733978538E+6	-1.460404E+0	7.502288E-1	-3.172997E-1
4.733978638E+6	-1.461702E+0	7.512019E-1	-4.781910E-1
4.733978740E+6	-1.459756E+0	7.508775E-1	-6.384334E-1
4.733978839E+6	-1.459431E+0	7.508775E-1	-7.980269E-1
4.733978939E+6	-1.458134E+0	7.505532E-1	-9.563229E-1
4.733979038E+6	-1.459107E+0	7.505532E-1	-1.113970E+0
4.733979138E+6	-1.461702E+0	7.508775E-1	-1.270968E+0
4.733979239E+6	-1.462026E+0	7.508775E-1	-1.426345E+0
4.733979340E+6	-1.462999E+0	7.508775E-1	-1.580748E+0
4.733979438E+6	-1.461702E+0	7.508775E-1	-1.733205E+0
4.733979539E+6	-1.461702E+0	7.499044E-1	-1.884364E+0
4.733979638E+6	-1.461702E+0	7.505532E-1	-2.032928E+0
4.733979739E+6	-1.460729E+0	7.505532E-1	-2.179871E+0
4.733979841E+6	-1.461377E+0	7.502288E-1	-2.322920E+0
4.733979939E+6	-1.459756E+0	7.508775E-1	-2.466619E+0
4.733980039E+6	-1.459431E+0	7.508775E-1	-2.607073E+0
4.733980138E+6	-1.461053E+0	7.505532E-1	-2.744609E+0
4.733980238E+6	-1.461053E+0	7.502288E-1	-2.879224E+0
4.733980338E+6	-1.461377E+0	7.505532E-1	-3.010921E+0
4.733980438E+6	-1.459756E+0	7.508775E-1	-3.140022E+0
4.733980540E+6	-1.457161E+0	7.505532E-1	-3.265880E+0
4.733980639E+6	-1.460080E+0	7.505532E-1	-3.388169E+0
4.733980738E+6	-1.462026E+0	7.502288E-1	-3.507864E+0
4.733980839E+6	-1.463648E+0	7.508775E-1	-3.623341E+0
4.733980938E+6	-1.463648E+0	7.505532E-1	-3.735575E+0
4.733981039E+6	-1.462675E+0	7.495800E-1	-3.843916E+0
4.733981139E+6	-1.461377E+0	7.502288E-1	-3.948689E+0
4.733981238E+6	-1.462351E+0	7.505532E-1	-4.049245E+0
4.733981339E+6	-1.459756E+0	7.505532E-1	-4.146233E+0
4.733981439E+6	-1.459431E+0	7.512019E-1	-4.239329E+0
4.733981540E+6	-1.459756E+0	7.512019E-1	-4.327235E+0
4.733981639E+6	-1.459107E+0	7.512019E-1	-4.412221E+0
4.733981738E+6	-1.458458E+0	7.515263E-1	-4.492341E+0
4.733981839E+6	-1.458782E+0	7.518507E-1	-4.566947E+0
4.733981939E+6	-1.458458E+0	7.515263E-1	-4.638310E+0
4.733982039E+6	-1.457161E+0	7.512019E-1	-4.704482E+0
4.733982137E+6	-1.457809E+0	7.518507E-1	-4.766762E+0
4.733982238E+6	-1.457161E+0	7.515263E-1	-4.823852E+0
4.733982338E+6	-1.458458E+0	7.512019E-1	-4.877374E+0
4.733982440E+6	-1.457485E+0	7.515263E-1	-4.924733E+0
4.733982538E+6	-1.455214E+0	7.515263E-1	-4.967226E+0
4.733982638E+6	-1.453268E+0	7.512019E-1	-5.005177E+0
4.733982739E+6	-1.453268E+0	7.515263E-1	-5.037615E+0
4.733982840E+6	-1.451970E+0	7.512019E-1	-5.065835E+0
4.733982939E+6	-1.452619E+0	7.515263E-1	-5.088866E+0
4.733983039E+6	-1.454565E+0	7.512019E-1	-5.106707E+0
4.733983139E+6	-1.456187E+0	7.508775E-1	-5.119682E+0
4.733983241E+6	-1.455863E+0	7.505532E-1	-5.127142E+0
4.733983338E+6	-1.453917E+0	7.502288E-1	-5.130386E+0
4.733983439E+6	-1.452295E+0	7.505532E-1	-5.127791E+0
4.733983540E+6	-1.451646E+0	7.512019E-1	-5.120979E+0
4.733983639E+6	-1.451646E+0	7.508775E-1	-5.108328E+0
4.733983739E+6	-1.453917E+0	7.508775E-1	-5.090812E+0
4.733983840E+6	-1.452944E+0	7.512019E-1	-5.068430E+0
4.733983939E+6	-1.453917E+0	7.505532E-1	-5.041183E+0
4.733984039E+6	-1.452619E+0	7.499044E-1	-5.008746E+0
4.733984139E+6	-1.451970E+0	7.502288E-1	-4.971442E+0
4.733984239E+6	-1.452295E+0	7.502288E-1	-4.928625E+0
4.733984339E+6	-1.452295E+0	7.499044E-1	-4.881266E+0
4.733984440E+6	-1.452619E+0	7.499044E-1	-4.829042E+0
4.733984539E+6	-1.451646E+0	7.502288E-1	-4.772601E+0
4.733984638E+6	-1.451646E+0	7.499044E-1	-4.710645E+0
4.733984739E+6	-1.450024E+0	7.505532E-1	-4.644797E+0
4.733984839E+6	-1.450349E+0	7.512019E-1	-4.575057E+0
4.733984938E+6	-1.452295E+0	7.508775E-1	-4.499153E+0
4.733985039E+6	-1.452619E+0	7.502288E-1	-4.419681E+0
4.733985138E+6	-1.453592E+0	7.502288E-1	-4.335344E+0
4.733985239E+6	-1.452619E+0	7.505532E-1	-4.247114E+0
4.733985339E+6	-1.452944E+0	7.512019E-1	-4.154343E+0
4.733985440E+6	-1.450349E+0	7.508775E-1	-4.057679E+0
4.733985540E+6	-1.450673E+0	7.512019E-1	-3.956799E+0
4.733985638E+6	-1.450997E+0	7.508775E-1	-3.852350E+0
4.733985739E+6	-1.451322E+0	7.505532E-1	-3.743684E+0
4.733985841E+6	-1.450024E+0	7.505532E-1	-3.631775E+0
4.733985939E+6	-1.450349E+0	7.502288E-1	-3.516297E+0
4.733986039E+6	-1.451646E+0	7.505532E-1	-3.397252E+0
4.733986139E+6	-1.452295E+0	7.502288E-1	-3.274314E+0
4.733986239E+6	-1.453917E+0	7.499044E-1	-3.148456E+0
4.733986338E+6	-1.455214E+0	7.505532E-1	-3.019355E+0
4.733986439E+6	-1.454565E+0	7.508775E-1	-2.887334E+0
4.733986540E+6	-1.452944E+0	7.502288E-1	-2.754016E+0
4.733986639E+6	-1.450349E+0	7.502288E-1	-2.615507E+0
4.733986739E+6	-1.450997E+0	7.495800E-1	-2.475701E+0
4.733986839E+6	-1.451322E+0	7.502288E-1	-2.332976E+0
4.733986940E+6	-1.452944E+0	7.502288E-1	-2.188629E+0
4.733987039E+6	-1.452619E+0	7.499044E-1	-2.041362E+0
4.733987139E+6	-1.451970E+0	7.502288E-1	-1.892473E+0
4.733987239E+6	-1.450997E+0	7.508775E-1	-1.741639E+0
4.733987340E+6	-1.450997E+0	7.508775E-1	-1.587235E+0
4.733987440E+6	-1.450997E+0	7.508775E-1	-1.433481E+0
4.733987540E+6	-1.450997E+0	7.518507E-1	-1.277132E+0
4.733987639E+6	-1.449051E+0	7.518507E-1	-1.120782E+0
4.733987740E+6	-1.447754E+0	7.521751E-1	-9.637836E-1
4.733987839E+6	-1.449051E+0	7.518507E-1	-8.032170E-1
4.733987940E+6	-1.451322E+0	7.518507E-1	-6.439478E-1
4.733988040E+6	-1.450997E+0	7.515263E-1	-4.837054E-1
4.733988139E+6	-1.447754E+0	7.512019E-1	-3.224898E-1
4.733988238E+6	-1.446132E+0	7.515263E-1	-1.615985E-1
4.733988338E+6	-1.445483E+0	7.508775E-1	-1.680206E-3
4.733988439E+6	-1.443537E+0	7.508775E-1	1.592113E-1
4.733988540E+6	-1.444834E+0	7.508775E-1	3.201029E-1
4.733988639E+6	-1.446132E+0	7.502288E-1	4.809945E-1
4.733988740E+6	-1.447105E+0	7.502288E-1	6.399400E-1
4.733988839E+6	-1.445159E+0	7.502288E-1	8.011563E-1
4.733988939E+6	-1.443861E+0	7.508775E-1	9.597776E-1
4.733989039E+6	-1.442888E+0	7.505532E-1	1.117750E+0
4.733989139E+6	-1.442564E+0	7.508775E-1	1.275399E+0
4.733989239E+6	-1.442564E+0	7.508775E-1	1.430128E+0
4.733989341E+6	-1.443861E+0	7.508775E-1	1.584208E+0
4.733989439E+6	-1.445159E+0	7.505532E-1	1.737640E+0
4.733989540E+6	-1.444510E+0	7.502288E-1	1.887828E+0
4.733989640E+6	-1.442888E+0	7.505532E-1	2.036718E+0
4.733989738E+6	-1.440617E+0	7.502288E-1	2.183987E+0
4.733989840E+6	-1.440617E+0	7.505532E-1	2.328661E+0
4.733989938E+6	-1.442564E+0	7.495800E-1	2.470740E+0
4.733990039E+6	-1.442888E+0	7.495800E-1	2.610873E+0
4.733990140E+6	-1.441266E+0	7.499044E-1	2.749059E+0
4.733990239E+6	-1.440617E+0	7.502288E-1	2.883678E+0
4.733990339E+6	-1.438995E+0	7.502288E-1	3.015701E+0
4.733990438E+6	-1.439320E+0	7.492556E-1	3.144805E+0
4.733990539E+6	-1.438347E+0	7.495800E-1	3.270990E+0
4.733990640E+6	-1.438022E+0	7.499044E-1	3.393282E+0
4.733990739E+6	-1.437698E+0	7.495800E-1	3.512006E+0
4.733990839E+6	-1.439644E+0	7.502288E-1	3.627811E+0
4.733990940E+6	-1.439320E+0	7.502288E-1	3.740696E+0
4.733991038E+6	-1.441266E+0	7.502288E-1	3.849040E+0
4.733991140E+6	-1.438995E+0	7.502288E-1	3.953816E+0
4.733991239E+6	-1.438347E+0	7.502288E-1	4.054375E+0
4.733991340E+6	-1.436725E+0	7.499044E-1	4.151366E+0
4.733991438E+6	-1.438347E+0	7.505532E-1	4.244464E+0
4.733991540E+6	-1.439969E+0	7.505532E-1	4.333345E+0
4.733991640E+6	-1.441266E+0	7.502288E-1	4.417685E+0
4.733991740E+6	-1.441266E+0	7.502288E-1	4.496835E+0
4.733991839E+6	-1.439644E+0	7.495800E-1	4.572417E+0
4.733991939E+6	-1.438995E+0	7.489313E-1	4.643781E+0
4.733992038E+6	-1.436076E+0	7.479581E-1	4.710605E+0
4.733992140E+6	-1.435427E+0	7.479581E-1	4.772562E+0
4.733992238E+6	-1.436725E+0	7.479581E-1	4.829654E+0
4.733992340E+6	-1.443537E+0	7.482825E-1	4.882529E+0
4.733992439E+6	-1.439320E+0	7.479581E-1	4.929240E+0
4.733992539E+6	-1.428291E+0	7.476338E-1	4.971411E+0
4.733992640E+6	-1.426669E+0	7.476338E-1	5.009039E+0
4.733992739E+6	-1.430562E+0	7.479581E-1	5.042127E+0
4.733992839E+6	-1.426669E+0	7.473094E-1	5.070024E+0
4.733992939E+6	-1.496410E+0	7.466606E-1	5.093055E+0
4.733993039E+6	-1.475326E+0	7.463362E-1	5.111221E+0
4.733993139E+6	-1.358226E+0	7.463362E-1	5.124521E+0
4.733993238E+6	-1.413045E+0	7.456875E-1	5.132306E+0
4.733993338E+6	-1.420506E+0	7.453631E-1	5.134252E+0
4.733993439E+6	-1.340385E+0	7.460119E-1	5.132306E+0
4.733993539E+6	-1.420506E+0	7.456875E-1	5.125818E+0
4.733993640E+6	-1.409153E+0	7.460119E-1	5.112843E+0
4.733993740E+6	-1.347846E+0	7.466606E-1	5.096623E+0
4.733993840E+6	-1.395529E+0	7.460119E-1	5.072943E+0
4.733993939E+6	-1.417587E+0	7.460119E-1	5.046019E+0
4.733994040E+6	-1.358226E+0	7.463362E-1	5.013256E+0
4.733994139E+6	-1.372174E+0	7.460119E-1	4.975628E+0
4.733994240E+6	-1.417911E+0	7.463362E-1	4.932484E+0
4.733994340E+6	-1.362118E+0	7.460119E-1	4.885448E+0
4.733994439E+6	-1.381256E+0	7.463362E-1	4.833547E+0
4.733994539E+6	-1.417587E+0	7.456875E-1	4.777104E+0
4.733994639E+6	-1.372498E+0	7.463362E-1	4.716444E+0
4.733994740E+6	-1.366984E+0	7.463362E-1	4.649296E+0
4.733994840E+6	-1.408828E+0	7.460119E-1	4.578904E+0
4.733994938E+6	-1.381256E+0	7.453631E-1	4.503647E+0
4.733995038E+6	-1.366984E+0	7.463362E-1	4.423524E+0
4.733995139E+6	-1.397800E+0	7.463362E-1	4.337887E+0
4.733995241E+6	-1.394556E+0	7.463362E-1	4.250627E+0
4.733995341E+6	-1.376715E+0	7.460119E-1	4.157854E+0
4.733995440E+6	-1.399746E+0	7.460119E-1	4.062160E+0
4.733995539E+6	-1.397800E+0	7.466606E-1	3.961601E+0
4.733995640E+6	-1.378986E+0	7.460119E-1	3.857150E+0
4.733995739E+6	-1.396178E+0	7.460119E-1	3.747508E+0
4.733995839E+6	-1.400395E+0	7.463362E-1	3.635920E+0
4.733995939E+6	-1.381256E+0	7.463362E-1	3.520116E+0
4.733996039E+6	-1.390988E+0	7.463362E-1	3.400743E+0
4.733996139E+6	-1.401043E+0	7.469850E-1	3.277802E+0
4.733996239E+6	-1.390339E+0	7.469850E-1	3.151942E+0
4.733996339E+6	-1.391961E+0	7.469850E-1	3.022513E+0
4.733996438E+6	-1.401368E+0	7.473094E-1	2.891138E+0
4.733996540E+6	-1.388717E+0	7.476338E-1	2.756196E+0
4.733996641E+6	-1.388068E+0	7.473094E-1	2.618658E+0
4.733996739E+6	-1.402017E+0	7.473094E-1	2.477876E+0
4.733996838E+6	-1.393583E+0	7.466606E-1	2.336122E+0
4.733996939E+6	-1.389690E+0	7.469850E-1	2.190150E+0
4.733997040E+6	-1.399421E+0	7.469850E-1	2.042882E+0
4.733997138E+6	-1.396826E+0	7.469850E-1	1.893667E+0
4.733997240E+6	-1.392285E+0	7.476338E-1	1.744127E+0
4.733997339E+6	-1.398773E+0	7.473094E-1	1.590696E+0
4.733997439E+6	-1.395853E+0	7.473094E-1	1.437913E+0
4.733997538E+6	-1.391312E+0	7.469850E-1	1.282211E+0
4.733997640E+6	-1.400395E+0	7.473094E-1	1.123913E+0
4.733997740E+6	-1.402665E+0	7.466606E-1	9.656164E-1
4.733997838E+6	-1.395205E+0	7.466606E-1	8.063463E-1
4.733997939E+6	-1.397800E+0	7.463362E-1	6.470763E-1
4.733998038E+6	-1.401043E+0	7.456875E-1	4.861846E-1
4.733998139E+6	-1.396826E+0	7.460119E-1	3.259417E-1
4.733998239E+6	-1.400395E+0	7.463362E-1	1.644013E-1
4.733998339E+6	-1.403314E+0	7.466606E-1	4.482974E-3
4.733998441E+6	-1.398448E+0	7.469850E-1	-1.564084E-1
4.733998540E+6	-1.398124E+0	7.473094E-1	-3.172997E-1
4.733998639E+6	-1.404936E+0	7.469850E-1	-4.785153E-1
4.733998740E+6	-1.402990E+0	7.469850E-1	-6.377846E-1
4.733998839E+6	-1.401692E+0	7.463362E-1	-7.980269E-1
4.733998939E+6	-1.403963E+0	7.463362E-1	-9.563229E-1
4.733999039E+6	-1.420506E+0	7.466606E-1	-1.114943E+0
4.733999139E+6	-1.405909E+0	7.463362E-1	-1.271617E+0
4.733999239E+6	-1.399097E+0	7.463362E-1	-1.426993E+0
4.733999338E+6	-1.406558E+0	7.463362E-1	-1.581072E+0
4.733999439E+6	-1.399421E+0	7.456875E-1	-1.733529E+0
4.733999539E+6	-1.394880E+0	7.466606E-1	-1.884364E+0
4.733999639E+6	-1.403638E+0	7.466606E-1	-2.032604E+0
4.733999739E+6	-1.390663E+0	7.463362E-1	-2.179546E+0
4.733999839E+6	-1.392610E+0	7.463362E-1	-2.324542E+0
4.733999939E+6	-1.414343E+0	7.463362E-1	-2.467268E+0
4.734000039E+6	-1.400719E+0	7.463362E-1	-2.607073E+0
4.734000138E+6	-1.386446E+0	7.463362E-1	-2.744933E+0
4.734000238E+6	-1.415640E+0	7.453631E-1	-2.879224E+0
4.734000339E+6	-1.393583E+0	7.456875E-1	-3.011570E+0
4.734000440E+6	-1.394880E+0	7.456875E-1	-3.140022E+0
4.734000538E+6	-1.418884E+0	7.463362E-1	-3.265555E+0
4.734000639E+6	-1.394556E+0	7.460119E-1	-3.387521E+0
4.734000739E+6	-1.390663E+0	7.456875E-1	-3.507215E+0
4.734000840E+6	-1.412397E+0	7.456875E-1	-3.623341E+0
4.734000939E+6	-1.390663E+0	7.453631E-1	-3.735251E+0
4.734001039E+6	-1.389690E+0	7.456875E-1	-3.843267E+0
4.734001139E+6	-1.410126E+0	7.456875E-1	-3.948365E+0
4.734001239E+6	-1.388393E+0	7.453631E-1	-4.049245E+0
4.734001339E+6	-1.394880E+0	7.460119E-1	-4.145909E+0
4.734001439E+6	-1.407531E+0	7.463362E-1	-4.238680E+0
4.734001540E+6	-1.397475E+0	7.466606E-1	-4.327559E+0
4.734001640E+6	-1.388717E+0	7.460119E-1	-4.412545E+0
4.734001740E+6	-1.405585E+0	7.460119E-1	-4.492341E+0
4.734001839E+6	-1.401043E+0	7.456875E-1	-4.567596E+0
4.734001939E+6	-1.391636E+0	7.466606E-1	-4.638959E+0
4.734002040E+6	-1.399746E+0	7.456875E-1	-4.704807E+0
4.734002139E+6	-1.404612E+0	7.456875E-1	-4.766762E+0
4.734002239E+6	-1.393907E+0	7.460119E-1	-4.824176E+0
4.734002339E+6	-1.399746E+0	7.463362E-1	-4.876725E+0
4.734002439E+6	-1.407207E+0	7.460119E-1	-4.924408E+0
4.734002539E+6	-1.398448E+0	7.460119E-1	-4.966901E+0
4.734002639E+6	-1.401043E+0	7.460119E-1	-5.004529E+0
4.734002739E+6	-1.407531E+0	7.466606E-1	-5.037939E+0
4.734002838E+6	-1.400719E+0	7.463362E-1	-5.065835E+0
4.734002938E+6	-1.398124E+0	7.460119E-1	-5.088866E+0
4.734003040E+6	-1.405909E+0	7.456875E-1	-5.106382E+0
4.734003139E+6	-1.395853E+0	7.460119E-1	-5.120006E+0
4.734003240E+6	-1.405585E+0	7.453631E-1	-5.127467E+0
4.734003338E+6	-1.408828E+0	7.463362E-1	-5.130062E+0
4.734003439E+6	-1.387095E+0	7.460119E-1	-5.128115E+0
4.734003540E+6	-1.397475E+0	7.456875E-1	-5.120655E+0
4.734003639E+6	-1.398773E+0	7.450387E-1	-5.108653E+0
4.734003739E+6	-1.391636E+0	7.453631E-1	-5.090812E+0
4.734003839E+6	-1.401368E+0	7.453631E-1	-5.068755E+0
4.734003939E+6	-1.393907E+0	7.456875E-1	-5.041507E+0
4.734004039E+6	-1.392285E+0	7.450387E-1	-5.008746E+0
4.734004139E+6	-1.402341E+0	7.456875E-1	-4.971442E+0
4.734004238E+6	-1.396502E+0	7.453631E-1	-4.928949E+0
4.734004339E+6	-1.403963E+0	7.463362E-1	-4.881915E+0
4.734004438E+6	-1.386446E+0	7.463362E-1	-4.829691E+0
4.734004538E+6	-1.406233E+0	7.456875E-1	-4.772925E+0
4.734004638E+6	-1.395853E+0	7.456875E-1	-4.711294E+0
4.734004738E+6	-1.391961E+0	7.453631E-1	-4.645122E+0
4.734004838E+6	-1.409153E+0	7.450387E-1	-4.574732E+0
4.734004938E+6	-1.399421E+0	7.450387E-1	-4.499802E+0
4.734005038E+6	-1.393583E+0	7.447143E-1	-4.419681E+0
4.734005139E+6	-1.407855E+0	7.453631E-1	-4.335344E+0
4.734005239E+6	-1.400395E+0	7.443900E-1	-4.246790E+0
4.734005338E+6	-1.392610E+0	7.443900E-1	-4.154992E+0
4.734005437E+6	-1.402341E+0	7.437412E-1	-4.058328E+0
4.734005537E+6	-1.392610E+0	7.434168E-1	-3.957772E+0
4.734005639E+6	-1.386771E+0	7.437412E-1	-3.852999E+0
4.734005739E+6	-1.396178E+0	7.443900E-1	-3.744982E+0
4.734005839E+6	-1.396502E+0	7.447143E-1	-3.632748E+0
4.734005939E+6	-1.392285E+0	7.450387E-1	-3.516297E+0
4.734006037E+6	-1.388068E+0	7.447143E-1	-3.396927E+0
4.734006138E+6	-1.388717E+0	7.450387E-1	-3.274962E+0
4.734006237E+6	-1.368606E+0	7.453631E-1	-3.149429E+0
4.734006338E+6	-1.401692E+0	7.453631E-1	-3.020003E+0
4.734006438E+6	-1.388068E+0	7.463362E-1	-2.888307E+0
4.734006538E+6	-1.397475E+0	7.469850E-1	-2.753691E+0
4.734006638E+6	-1.428615E+0	7.473094E-1	-2.616156E+0
4.734006738E+6	-1.411423E+0	7.473094E-1	-2.475377E+0
4.734006838E+6	-1.402990E+0	7.473094E-1	-2.332976E+0
4.734006938E+6	-1.442564E+0	7.469850E-1	-2.187980E+0
4.734007038E+6	-1.347197E+0	7.473094E-1	-2.041362E+0
4.734007139E+6	-1.320922E+0	7.482825E-1	-1.891825E+0
4.734007239E+6	-1.423425E+0	7.476338E-1	-1.741314E+0
4.734007339E+6	-1.404936E+0	7.476338E-1	-1.588533E+0
4.734007439E+6	-1.406558E+0	7.463362E-1	-1.434130E+0
4.734007539E+6	-1.439320E+0	7.460119E-1	-1.278429E+0
4.734007639E+6	-1.432184E+0	7.447143E-1	-1.121755E+0
4.734007739E+6	-1.435427E+0	7.427681E-1	-9.637836E-1
4.734007838E+6	-1.399097E+0	7.421193E-1	-8.048388E-1
4.734007938E+6	-1.428291E+0	7.424437E-1	-6.445965E-1
4.734008038E+6	-1.426345E+0	7.430924E-1	-4.840298E-1
4.734008138E+6	-1.407207E+0	7.440656E-1	-3.237873E-1
4.734008238E+6	-1.432832E+0	7.450387E-1	-1.628960E-1
4.734008338E+6	-1.438671E+0	7.460119E-1	-2.653340E-3
4.734008439E+6	-1.416938E+0	7.466606E-1	1.579138E-1
4.734008538E+6	-1.426345E+0	7.476338E-1	3.194541E-1
4.734008639E+6	-1.440617E+0	7.482825E-1	4.800214E-1
4.734008737E+6	-1.412721E+0	7.486069E-1	6.402644E-1
4.734008839E+6	-1.421803E+0	7.492556E-1	8.001831E-1
4.734008938E+6	-1.442239E+0	7.495800E-1	9.601019E-1
4.734009039E+6	-1.419533E+0	7.492556E-1	1.117426E+0
4.734009139E+6	-1.428615E+0	7.502288E-1	1.274750E+0
4.734009238E+6	-1.436400E+0	7.505532E-1	1.429803E+0
4.734009339E+6	-1.430237E+0	7.502288E-1	1.584208E+0
4.734009438E+6	-1.380283E+0	7.499044E-1	1.736342E+0
4.734009538E+6	-1.464297E+0	7.489313E-1	1.887179E+0
4.734009638E+6	-1.450349E+0	7.486069E-1	2.036070E+0
4.734009738E+6	-1.442239E+0	7.482825E-1	2.183014E+0
4.734009838E+6	-1.452619E+0	7.476338E-1	2.327688E+0
4.734009938E+6	-1.456836E+0	7.469850E-1	2.470740E+0
4.734010038E+6	-1.446456E+0	7.460119E-1	2.611197E+0
4.734010138E+6	-1.442564E+0	7.450387E-1	2.748735E+0
4.734010238E+6	-1.438995E+0	7.453631E-1	2.883678E+0
4.734010338E+6	-1.443861E+0	7.460119E-1	3.015052E+0
4.734010438E+6	-1.439969E+0	7.466606E-1	3.144156E+0
4.734010538E+6	-1.441590E+0	7.460119E-1	3.269692E+0
4.734010638E+6	-1.444834E+0	7.473094E-1	3.391985E+0
4.734010739E+6	-1.444510E+0	7.473094E-1	3.511357E+0
4.734010839E+6	-1.441915E+0	7.476338E-1	3.627487E+0
4.734010939E+6	-1.441915E+0	7.479581E-1	3.740372E+0
4.734011039E+6	-1.445807E+0	7.486069E-1	3.848716E+0
4.734011138E+6	-1.451970E+0	7.489313E-1	3.953167E+0
4.734011238E+6	-1.451970E+0	7.502288E-1	4.054375E+0
4.734011338E+6	-1.445807E+0	7.499044E-1	4.151366E+0
4.734011438E+6	-1.442564E+0	7.502288E-1	4.243491E+0
4.734011538E+6	-1.444510E+0	7.505532E-1	4.332697E+0
4.734011638E+6	-1.447429E+0	7.512019E-1	4.416388E+0
4.734011738E+6	-1.448078E+0	7.508775E-1	4.496511E+0
4.734011838E+6	-1.448078E+0	7.508775E-1	4.572417E+0
4.734011938E+6	-1.442888E+0	7.505532E-1	4.644106E+0
4.734012039E+6	-1.443537E+0	7.502288E-1	4.710929E+0
4.734012138E+6	-1.450349E+0	7.492556E-1	4.772562E+0
4.734012237E+6	-1.449375E+0	7.486069E-1	4.829330E+0
4.734012339E+6	-1.451322E+0	7.469850E-1	4.881231E+0
4.734012439E+6	-1.452295E+0	7.456875E-1	4.929565E+0
4.734012539E+6	-1.443212E+0	7.443900E-1	4.972059E+0
4.734012639E+6	-1.439969E+0	7.437412E-1	5.009039E+0
4.734012737E+6	-1.439644E+0	7.430924E-1	5.041802E+0
4.734012839E+6	-1.439320E+0	7.430924E-1	5.069375E+0
4.734012938E+6	-1.441590E+0	7.437412E-1	5.092731E+0
4.734013037E+6	-1.439644E+0	7.443900E-1	5.110896E+0
4.734013138E+6	-1.490896E+0	7.434168E-1	5.123547E+0
4.734013238E+6	-1.471109E+0	7.440656E-1	5.131333E+0
4.734013343E+6	-1.399421E+0	7.440656E-1	5.134901E+0
4.734013440E+6	-1.416938E+0	7.447143E-1	5.132630E+0
4.734013538E+6	-1.407207E+0	7.450387E-1	5.124845E+0
4.734013638E+6	-1.372823E+0	7.456875E-1	5.112843E+0
4.734013738E+6	-1.419533E+0	7.456875E-1	5.095001E+0
4.734013838E+6	-1.364713E+0	7.460119E-1	5.072294E+0
4.734013939E+6	-1.384500E+0	7.473094E-1	5.044722E+0
4.734014039E+6	-1.420830E+0	7.476338E-1	5.012283E+0
4.734014138E+6	-1.374444E+0	7.476338E-1	4.975628E+0
4.734014239E+6	-1.378661E+0	7.476338E-1	4.934431E+0
4.734014339E+6	-1.407855E+0	7.476338E-1	4.886422E+0
4.734014439E+6	-1.382554E+0	7.476338E-1	4.833547E+0
4.734014538E+6	-1.377688E+0	7.479581E-1	4.777752E+0
4.734014638E+6	-1.389690E+0	7.479581E-1	4.716119E+0
4.734014737E+6	-1.385798E+0	7.479581E-1	4.650594E+0
4.734014837E+6	-1.364064E+0	7.482825E-1	4.580202E+0
4.734014938E+6	-1.387095E+0	7.482825E-1	4.504296E+0
4.734015038E+6	-1.395205E+0	7.486069E-1	4.424822E+0
4.734015138E+6	-1.372498E+0	7.476338E-1	4.340157E+0
4.734015238E+6	-1.391961E+0	7.476338E-1	4.251925E+0
4.734015338E+6	-1.381256E+0	7.476338E-1	4.159151E+0
4.734015438E+6	-1.372823E+0	7.476338E-1	4.062485E+0
4.734015537E+6	-1.393258E+0	7.469850E-1	3.961926E+0
4.734015639E+6	-1.386446E+0	7.476338E-1	3.857150E+0
4.734015738E+6	-1.373471E+0	7.476338E-1	3.747508E+0
4.734015839E+6	-1.394231E+0	7.479581E-1	3.636245E+0
4.734015939E+6	-1.412397E+0	7.482825E-1	3.520116E+0
4.734016039E+6	-1.364713E+0	7.486069E-1	3.401716E+0
4.734016138E+6	-1.393583E+0	7.486069E-1	3.278775E+0
4.734016238E+6	-1.408828E+0	7.482825E-1	3.152915E+0
4.734016337E+6	-1.393907E+0	7.479581E-1	3.023811E+0
4.734016438E+6	-1.392285E+0	7.482825E-1	2.891787E+0
4.734016538E+6	-1.415640E+0	7.476338E-1	2.757493E+0
4.734016638E+6	-1.360821E+0	7.479581E-1	2.619631E+0
4.734016738E+6	-1.363416E+0	7.479581E-1	2.478849E+0
4.734016838E+6	-1.397800E+0	7.476338E-1	2.335473E+0
4.734016939E+6	-1.374769E+0	7.479581E-1	2.190475E+0
4.734017038E+6	-1.369903E+0	7.476338E-1	2.043855E+0
4.734017138E+6	-1.389041E+0	7.473094E-1	1.894964E+0
4.734017238E+6	-1.377040E+0	7.479581E-1	1.743803E+0
4.734017339E+6	-1.369254E+0	7.476338E-1	1.591020E+0
4.734017439E+6	-1.379635E+0	7.479581E-1	1.437264E+0
4.734017539E+6	-1.369903E+0	7.479581E-1	1.281237E+0
4.734017638E+6	-1.370228E+0	7.479581E-1	1.124562E+0
4.734017738E+6	-1.380283E+0	7.476338E-1	9.665895E-1
4.734017837E+6	-1.376066E+0	7.482825E-1	8.069951E-1
4.734017946E+6	-1.364713E+0	7.489313E-1	6.474007E-1
4.734018037E+6	-1.375742E+0	7.495800E-1	4.868333E-1
4.734018138E+6	-1.380932E+0	7.499044E-1	3.256173E-1
4.734018239E+6	-1.372498E+0	7.499044E-1	1.650501E-1
4.734018339E+6	-1.383203E+0	7.492556E-1	4.807352E-3
4.734018438E+6	-1.376715E+0	7.495800E-1	-1.557597E-1
4.734018537E+6	-1.364389E+0	7.492556E-1	-3.169754E-1
4.734018638E+6	-1.372498E+0	7.489313E-1	-4.775422E-1
4.734018738E+6	-1.370228E+0	7.492556E-1	-6.377846E-1
4.734018839E+6	-1.352711E+0	7.492556E-1	-7.977025E-1
4.734018939E+6	-1.361469E+0	7.492556E-1	-9.563229E-1
4.734019038E+6	-1.372823E+0	7.499044E-1	-1.113970E+0
4.734019139E+6	-1.389690E+0	7.495800E-1	-1.270644E+0
4.734019239E+6	-1.382230E+0	7.499044E-1	-1.426993E+0
4.734019339E+6	-1.387420E+0	7.502288E-1	-1.580748E+0
4.734019438E+6	-1.392610E+0	7.499044E-1	-1.732880E+0
4.734019538E+6	-1.380932E+0	7.492556E-1	-1.884040E+0
4.734019638E+6	-1.383527E+0	7.492556E-1	-2.032604E+0
4.734019738E+6	-1.387420E+0	7.489313E-1	-2.179871E+0
4.734019838E+6	-1.369579E+0	7.492556E-1	-2.323893E+0
4.734019937E+6	-1.384500E+0	7.489313E-1	-2.465970E+0
4.734020038E+6	-1.400719E+0	7.495800E-1	-2.606749E+0
4.734020138E+6	-1.392285E+0	7.492556E-1	-2.743960E+0
4.734020237E+6	-1.389690E+0	7.499044E-1	-2.878900E+0
4.734020339E+6	-1.402990E+0	7.495800E-1	-3.010597E+0
4.734020438E+6	-1.401692E+0	7.499044E-1	-3.140022E+0
4.734020539E+6	-1.396826E+0	7.499044E-1	-3.265555E+0
4.734020638E+6	-1.396826E+0	7.499044E-1	-3.387845E+0
4.734020739E+6	-1.402665E+0	7.495800E-1	-3.506891E+0
4.734020839E+6	-1.391961E+0	7.499044E-1	-3.623017E+0
4.734020938E+6	-1.404287E+0	7.499044E-1	-3.735575E+0
4.734021039E+6	-1.405909E+0	7.499044E-1	-3.843267E+0
4.734021138E+6	-1.387095E+0	7.499044E-1	-3.948040E+0
4.734021238E+6	-1.406882E+0	7.495800E-1	-4.049245E+0
4.734021338E+6	-1.413694E+0	7.495800E-1	-4.146233E+0
4.734021438E+6	-1.396826E+0	7.492556E-1	-4.238680E+0
4.734021538E+6	-1.400070E+0	7.499044E-1	-4.327559E+0
4.734021637E+6	-1.413045E+0	7.495800E-1	-4.411572E+0
4.734021738E+6	-1.398448E+0	7.492556E-1	-4.491693E+0
4.734021839E+6	-1.407531E+0	7.489313E-1	-4.567596E+0
4.734021939E+6	-1.432184E+0	7.492556E-1	-4.638634E+0
4.734022039E+6	-1.410450E+0	7.492556E-1	-4.705131E+0
4.734022137E+6	-1.411423E+0	7.492556E-1	-4.767087E+0
4.734022239E+6	-1.434454E+0	7.495800E-1	-4.824176E+0
4.734022337E+6	-1.415965E+0	7.495800E-1	-4.876725E+0
4.734022439E+6	-1.414018E+0	7.492556E-1	-4.924733E+0
4.734022537E+6	-1.419533E+0	7.489313E-1	-4.967874E+0
4.734022639E+6	-1.404612E+0	7.492556E-1	-5.004853E+0
4.734022737E+6	-1.414667E+0	7.495800E-1	-5.038264E+0
4.734022839E+6	-1.430562E+0	7.502288E-1	-5.066160E+0
4.734022939E+6	-1.412721E+0	7.505532E-1	-5.089190E+0
4.734023039E+6	-1.415965E+0	7.502288E-1	-5.106707E+0
4.734023140E+6	-1.404287E+0	7.505532E-1	-5.119682E+0
4.734023240E+6	-1.369254E+0	7.502288E-1	-5.127791E+0
4.734023338E+6	-1.424723E+0	7.502288E-1	-5.130710E+0
4.734023438E+6	-1.443212E+0	7.502288E-1	-5.128115E+0
4.734023539E+6	-1.448078E+0	7.499044E-1	-5.120979E+0
4.734023638E+6	-1.452295E+0	7.495800E-1	-5.108653E+0
4.734023741E+6	-1.453592E+0	7.482825E-1	-5.091137E+0
4.734023838E+6	-1.457485E+0	7.482825E-1	-5.068755E+0
4.734023940E+6	-1.448402E+0	7.476338E-1	-5.041183E+0
4.734024040E+6	-1.458134E+0	7.456875E-1	-2.258045E+0
4.734024138E+6	-1.457161E+0	7.440656E-1	-9.890850E-1
4.734024239E+6	-1.456512E+0	7.434168E-1	-4.541870E-1
4.734024341E+6	-1.452944E+0	7.427681E-1	-2.219327E-1
4.734024439E+6	-1.454241E+0	7.430924E-1	-1.181319E-1
4.734024539E+6	-1.452944E+0	7.443900E-1	-6.882642E-2
4.734024641E+6	-1.455539E+0	7.456875E-1	-4.514684E-2
4.734024739E+6	-1.452619E+0	7.466606E-1	-3.217173E-2
4.734024839E+6	-1.450997E+0	7.473094E-1	-2.535979E-2
4.734024939E+6	-1.450673E+0	7.479581E-1	-2.016975E-2
4.734025039E+6	-1.450024E+0	7.489313E-1	-1.725035E-2
4.734025140E+6	-1.450349E+0	7.495800E-1	-1.530408E-2
4.734025239E+6	-1.449375E+0	7.502288E-1	-1.303343E-2
4.734025339E+6	-1.449051E+0	7.505532E-1	-1.206030E-2
4.734025440E+6	-1.449375E+0	7.515263E-1	-1.141154E-2
4.734025539E+6	-1.448727E+0	7.505532E-1	-1.011403E-2
4.734025641E+6	-1.447429E+0	7.502288E-1	-9.465276E-3
4.734025739E+6	-1.447429E+0	7.502288E-1	-9.465276E-3
4.734025840E+6	-1.446780E+0	7.505532E-1	-8.492142E-3
4.734025939E+6	-1.447754E+0	7.512019E-1	-7.519008E-3
4.734026040E+6	-1.449700E+0	7.512019E-1	-7.519008E-3
4.734026138E+6	-1.451322E+0	7.512019E-1	-7.194631E-3
4.734026240E+6	-1.449700E+0	7.518507E-1	-6.221497E-3
4.734026339E+6	-1.447429E+0	7.515263E-1	-5.897119E-3
4.734026439E+6	-1.445807E+0	7.521751E-1	-5.572741E-3
4.734026539E+6	-1.449051E+0	7.518507E-1	-5.572741E-3
4.734026639E+6	-1.450673E+0	7.521751E-1	-5.572741E-3
4.734026739E+6	-1.451646E+0	7.524994E-1	-5.248363E-3
4.734026839E+6	-1.450349E+0	7.524994E-1	-5.248363E-3
4.734026941E+6	-1.450997E+0	7.524994E-1	-4.923985E-3
4.734027040E+6	-1.449375E+0	7.521751E-1	-4.599607E-3
4.734027138E+6	-1.451322E+0	7.521751E-1	-4.275229E-3
4.734027240E+6	-1.450024E+0	7.524994E-1	-4.275229E-3
4.734027339E+6	-1.450349E+0	7.521751E-1	-4.275229E-3
4.734027439E+6	-1.448078E+0	7.518507E-1	-3.950852E-3
4.734027539E+6	-1.446780E+0	7.521751E-1	-3.950852E-3
4.734027639E+6	-1.446780E+0	7.515263E-1	-3.950852E-3
4.734027740E+6	-1.447754E+0	7.521751E-1	-3.626474E-3
4.734027839E+6	-1.449375E+0	7.524994E-1	-3.626474E-3
4.734027938E+6	-1.451646E+0	7.528238E-1	-2.328962E-3
4.734028039E+6	-1.453592E+0	7.524994E-1	-2.977718E-3
4.734028139E+6	-1.455863E+0	7.518507E-1	-2.977718E-3
4.734028237E+6	-1.457809E+0	7.521751E-1	-3.950852E-3
4.734028339E+6	-1.457485E+0	7.515263E-1	-3.626474E-3
4.734028440E+6	-1.458458E+0	7.518507E-1	9.024265E-3
4.734028539E+6	-1.458782E+0	7.512019E-1	1.118521E-1
4.734028639E+6	-1.459107E+0	7.515263E-1	2.552272E-1
4.734028738E+6	-1.456836E+0	7.512019E-1	4.099557E-1
4.734028841E+6	-1.454890E+0	7.515263E-1	5.682523E-1
4.734028940E+6	-1.453592E+0	7.515263E-1	7.265491E-1
4.734029041E+6	-1.452295E+0	7.521751E-1	8.854948E-1
4.734029138E+6	-1.452944E+0	7.521751E-1	1.043143E+0
4.734029240E+6	-1.450673E+0	7.521751E-1	1.200467E+0
4.734029338E+6	-1.446456E+0	7.518507E-1	1.356493E+0
4.734029440E+6	-1.444510E+0	7.518507E-1	1.510574E+0
4.734029539E+6	-1.442239E+0	7.515263E-1	1.663357E+0
4.734029638E+6	-1.440942E+0	7.515263E-1	1.815491E+0
4.734029739E+6	-1.441266E+0	7.512019E-1	1.965030E+0
4.734029839E+6	-1.441915E+0	7.515263E-1	2.112623E+0
4.734029939E+6	-1.440942E+0	7.518507E-1	2.258595E+0
4.734030038E+6	-1.438347E+0	7.508775E-1	2.401647E+0
4.734030139E+6	-1.437049E+0	7.508775E-1	2.543401E+0
4.734030239E+6	-1.435427E+0	7.502288E-1	2.681588E+0
4.734030338E+6	-1.434454E+0	7.512019E-1	2.818477E+0
4.734030439E+6	-1.436076E+0	7.508775E-1	2.951798E+0
4.734030539E+6	-1.436725E+0	7.512019E-1	3.082848E+0
4.734030639E+6	-1.436725E+0	7.512019E-1	3.210330E+0
4.734030739E+6	-1.436725E+0	7.518507E-1	3.334244E+0
4.734030839E+6	-1.437374E+0	7.515263E-1	3.455564E+0
4.734030940E+6	-1.435103E+0	7.518507E-1	3.572990E+0
4.734031039E+6	-1.434130E+0	7.518507E-1	3.686849E+0
4.734031140E+6	-1.434779E+0	7.512019E-1	3.796815E+0
4.734031240E+6	-1.436400E+0	7.518507E-1	3.903212E+0
4.734031339E+6	-1.438995E+0	7.512019E-1	4.006042E+0
4.734031439E+6	-1.438671E+0	7.512019E-1	4.104979E+0
4.734031539E+6	-1.437698E+0	7.515263E-1	4.199699E+0
4.734031639E+6	-1.438671E+0	7.515263E-1	4.290851E+0
4.734031738E+6	-1.439320E+0	7.512019E-1	4.378435E+0
4.734031841E+6	-1.441266E+0	7.521751E-1	4.459855E+0
4.734031940E+6	-1.441915E+0	7.518507E-1	4.537383E+0
4.734032039E+6	-1.438995E+0	7.515263E-1	4.611019E+0
4.734032139E+6	-1.437374E+0	7.518507E-1	4.679788E+0
4.734032239E+6	-1.438347E+0	7.512019E-1	4.744341E+0
4.734032339E+6	-1.438995E+0	7.515263E-1	4.803703E+0
4.734032438E+6	-1.440942E+0	7.515263E-1	4.858200E+0
4.734032539E+6	-1.441266E+0	7.518507E-1	4.907831E+0
4.734032640E+6	-1.440617E+0	7.518507E-1	4.953245E+0
4.734032739E+6	-1.435752E+0	7.515263E-1	4.993144E+0
4.734032839E+6	-1.436076E+0	7.518507E-1	5.028502E+0
4.734032942E+6	-1.436400E+0	7.515263E-1	5.058346E+0
4.734033039E+6	-1.438022E+0	7.505532E-1	5.083972E+0
4.734033139E+6	-1.438995E+0	7.515263E-1	5.104733E+0
4.734033239E+6	-1.442239E+0	7.508775E-1	5.120304E+0
4.734033339E+6	-1.446132E+0	7.508775E-1	5.130684E+0
4.734033438E+6	-1.440942E+0	7.502288E-1	5.136198E+0
4.734033539E+6	-1.433157E+0	7.508775E-1	5.136523E+0
4.734033639E+6	-1.433805E+0	7.502288E-1	5.131657E+0
4.734033739E+6	-1.432508E+0	7.502288E-1	5.121925E+0
4.734033839E+6	-1.431210E+0	7.495800E-1	5.107328E+0
4.734033940E+6	-1.437049E+0	7.502288E-1	5.087216E+0
4.734034039E+6	-1.424074E+0	7.499044E-1	5.062563E+0
4.734034138E+6	-1.421803E+0	7.499044E-1	5.032719E+0
4.734034239E+6	-1.423750E+0	7.502288E-1	4.997037E+0
4.734034339E+6	-1.424074E+0	7.508775E-1	4.956813E+0
4.734034438E+6	-1.423750E+0	7.499044E-1	4.911724E+0
4.734034539E+6	-1.447754E+0	7.495800E-1	4.861768E+0
4.734034640E+6	-1.433805E+0	7.492556E-1	4.807596E+0
4.734034739E+6	-1.466243E+0	7.495800E-1	4.748882E+0
4.734034840E+6	-1.406558E+0	7.499044E-1	4.685951E+0
4.734034940E+6	-1.378337E+0	7.499044E-1	4.617506E+0
4.734035039E+6	-1.402665E+0	7.495800E-1	4.544195E+0
4.734035139E+6	-1.399097E+0	7.495800E-1	4.466667E+0
4.734035239E+6	-1.376715E+0	7.499044E-1	4.384922E+0
4.734035339E+6	-1.411423E+0	7.499044E-1	4.298961E+0
4.734035440E+6	-1.382230E+0	7.502288E-1	4.207809E+0
4.734035538E+6	-1.397151E+0	7.505532E-1	4.113089E+0
4.734035639E+6	-1.398773E+0	7.502288E-1	4.013827E+0
4.734035739E+6	-1.390015E+0	7.505532E-1	3.910673E+0
4.734035840E+6	-1.406233E+0	7.499044E-1	3.804275E+0
4.734035941E+6	-1.404287E+0	7.502288E-1	3.693661E+0
4.734036040E+6	-1.392610E+0	7.499044E-1	3.580127E+0
4.734036141E+6	-1.398448E+0	7.505532E-1	3.462051E+0
4.734036239E+6	-1.402665E+0	7.502288E-1	3.341705E+0
4.734036339E+6	-1.396826E+0	7.499044E-1	3.217467E+0
4.734036439E+6	-1.397151E+0	7.502288E-1	3.090633E+0
4.734036539E+6	-1.405260E+0	7.499044E-1	2.960232E+0
4.734036639E+6	-1.399097E+0	7.502288E-1	2.826586E+0
4.734036739E+6	-1.396178E+0	7.492556E-1	2.690346E+0
4.734036840E+6	-1.402341E+0	7.489313E-1	2.550862E+0
4.734036939E+6	-1.400070E+0	7.489313E-1	2.409756E+0
4.734037039E+6	-1.400395E+0	7.495800E-1	2.265407E+0
4.734037139E+6	-1.402665E+0	7.499044E-1	2.119111E+0
4.734037239E+6	-1.406558E+0	7.499044E-1	1.971518E+0
4.734037339E+6	-1.402017E+0	7.505532E-1	1.821330E+0
4.734037439E+6	-1.404287E+0	7.502288E-1	1.669520E+0
4.734037539E+6	-1.405909E+0	7.505532E-1	1.515764E+0
4.734037640E+6	-1.402665E+0	7.515263E-1	1.361684E+0
4.734037739E+6	-1.405585E+0	7.512019E-1	1.204359E+0
4.734037839E+6	-1.408504E+0	7.515263E-1	1.047360E+0
4.734037939E+6	-1.406882E+0	7.508775E-1	8.880898E-1
4.734038039E+6	-1.406558E+0	7.508775E-1	7.284954E-1
4.734038140E+6	-1.408504E+0	7.505532E-1	5.689011E-1
4.734038239E+6	-1.407855E+0	7.502288E-1	4.083338E-1
4.734038339E+6	-1.406233E+0	7.508775E-1	2.474421E-1
4.734038439E+6	-1.407855E+0	7.505532E-1	8.655060E-2
4.734038539E+6	-1.409802E+0	7.505532E-1	-7.304334E-2
4.734038639E+6	-1.408180E+0	7.502288E-1	-2.342591E-1
4.734038741E+6	-1.407207E+0	7.499044E-1	-3.951503E-1
4.734038840E+6	-1.407207E+0	7.499044E-1	-5.553928E-1
4.734038938E+6	-1.406558E+0	7.508775E-1	-7.156351E-1
4.734039038E+6	-1.407531E+0	7.499044E-1	-8.752287E-1
4.734039140E+6	-1.406558E+0	7.505532E-1	-1.033849E+0
4.734039240E+6	-1.406882E+0	7.505532E-1	-1.190847E+0
4.734039339E+6	-1.405260E+0	7.512019E-1	-1.346872E+0
4.734039439E+6	-1.405260E+0	7.505532E-1	-1.501276E+0
4.734039539E+6	-1.408504E+0	7.499044E-1	-1.655354E+0
4.734039639E+6	-1.407531E+0	7.505532E-1	-1.806838E+0
4.734039738E+6	-1.406882E+0	7.499044E-1	-1.956051E+0
4.734039839E+6	-1.405909E+0	7.512019E-1	-2.104291E+0
4.734039940E+6	-1.407207E+0	7.505532E-1	-2.250260E+0
4.734040040E+6	-1.402017E+0	7.512019E-1	-2.393634E+0
4.734040138E+6	-1.402990E+0	7.502288E-1	-2.535386E+0
4.734040238E+6	-1.403963E+0	7.512019E-1	-2.674219E+0
4.734040338E+6	-1.402017E+0	7.502288E-1	-2.810457E+0
4.734040439E+6	-1.402341E+0	7.505532E-1	-2.943451E+0
4.734040538E+6	-1.403638E+0	7.502288E-1	-3.073850E+0
4.734040639E+6	-1.400719E+0	7.508775E-1	-3.201329E+0
4.734040739E+6	-1.398773E+0	7.502288E-1	-3.325241E+0
4.734040839E+6	-1.402665E+0	7.502288E-1	-3.446232E+0
4.734040939E+6	-1.402665E+0	7.499044E-1	-3.564305E+0
4.734041039E+6	-1.401692E+0	7.505532E-1	-3.677836E+0
4.734041139E+6	-1.405909E+0	7.505532E-1	-3.788448E+0
4.734041239E+6	-1.404287E+0	7.512019E-1	-3.895492E+0
4.734041338E+6	-1.401368E+0	7.508775E-1	-3.997994E+0
4.734041438E+6	-1.402341E+0	7.508775E-1	-4.096929E+0
4.734041538E+6	-1.402990E+0	7.505532E-1	-4.191322E+0
4.734041638E+6	-1.400070E+0	7.508775E-1	-4.282471E+0
4.734041739E+6	-1.401692E+0	7.508775E-1	-4.368755E+0
4.734041839E+6	-1.402665E+0	7.512019E-1	-4.451146E+0
4.734041939E+6	-1.401368E+0	7.515263E-1	-4.528671E+0
4.734042039E+6	-1.400070E+0	7.518507E-1	-4.601980E+0
4.734042139E+6	-1.402341E+0	7.515263E-1	-4.671396E+0
4.734042238E+6	-1.402665E+0	7.505532E-1	-4.735298E+0
4.734042338E+6	-1.400395E+0	7.505532E-1	-4.794983E+0
4.734042439E+6	-1.402665E+0	7.502288E-1	-4.850126E+0
4.734042539E+6	-1.402665E+0	7.502288E-1	-4.900404E+0
4.734042638E+6	-1.399421E+0	7.499044E-1	-4.945493E+0
4.734042740E+6	-1.399746E+0	7.489313E-1	-4.986039E+0
4.734042839E+6	-1.400395E+0	7.492556E-1	-5.021072E+0
4.734042939E+6	-1.396826E+0	7.492556E-1	-5.051563E+0
4.734043040E+6	-1.399746E+0	7.492556E-1	-5.077189E+0
4.734043138E+6	-1.401692E+0	7.489313E-1	-5.097624E+0
4.734043239E+6	-1.399746E+0	7.505532E-1	-5.113194E+0
4.734043338E+6	-1.399097E+0	7.512019E-1	-5.123574E+0
4.734043438E+6	-1.400070E+0	7.515263E-1	-5.129088E+0
4.734043539E+6	-1.398124E+0	7.518507E-1	-5.129737E+0
4.734043639E+6	-1.399097E+0	7.515263E-1	-5.124872E+0
4.734043739E+6	-1.399421E+0	7.518507E-1	-5.115140E+0
4.734043838E+6	-1.402665E+0	7.512019E-1	-5.099895E+0
4.734043938E+6	-1.403638E+0	7.505532E-1	-5.080108E+0
4.734044040E+6	-1.401368E+0	7.505532E-1	-5.055455E+0
4.734044138E+6	-1.402990E+0	7.499044E-1	-5.025613E+0
4.734044239E+6	-1.405260E+0	7.499044E-1	-4.990905E+0
4.734044338E+6	-1.400070E+0	7.495800E-1	-4.951007E+0
4.734044438E+6	-1.406233E+0	7.505532E-1	-4.906568E+0
4.734044539E+6	-1.398773E+0	7.502288E-1	-4.856290E+0
4.734044638E+6	-1.405909E+0	7.505532E-1	-4.801795E+0
4.734044739E+6	-1.400395E+0	7.505532E-1	-4.742758E+0
4.734044838E+6	-1.400070E+0	7.512019E-1	-4.679181E+0
4.734044939E+6	-1.411099E+0	7.512019E-1	-4.610738E+0
4.734045039E+6	-1.400395E+0	7.512019E-1	-4.537754E+0
4.734045139E+6	-1.401043E+0	7.508775E-1	-4.460228E+0
4.734045238E+6	-1.405585E+0	7.518507E-1	-4.378810E+0
4.734045338E+6	-1.404612E+0	7.518507E-1	-4.292202E+0
4.734045439E+6	-1.405909E+0	7.521751E-1	-4.201702E+0
4.734045539E+6	-1.408180E+0	7.512019E-1	-4.107309E+0
4.734045640E+6	-1.406882E+0	7.508775E-1	-4.008374E+0
4.734045739E+6	-1.404612E+0	7.505532E-1	-3.906196E+0
4.734045838E+6	-1.407855E+0	7.508775E-1	-3.800126E+0
4.734045939E+6	-1.407531E+0	7.502288E-1	-3.689189E+0
4.734046039E+6	-1.403963E+0	7.508775E-1	-3.575009E+0
4.734046139E+6	-1.406233E+0	7.499044E-1	-3.457910E+0
4.734046240E+6	-1.404287E+0	7.492556E-1	-3.336594E+0
4.734046339E+6	-1.402990E+0	7.495800E-1	-3.213007E+0
4.734046439E+6	-1.406558E+0	7.505532E-1	-3.085852E+0
4.734046539E+6	-1.410450E+0	7.502288E-1	-2.955128E+0
4.734046640E+6	-1.405909E+0	7.508775E-1	-2.822134E+0
4.734046739E+6	-1.406233E+0	7.508775E-1	-2.685897E+0
4.734046838E+6	-1.407207E+0	7.515263E-1	-2.546740E+0
4.734046939E+6	-1.403314E+0	7.508775E-1	-2.405961E+0
4.734047040E+6	-1.404612E+0	7.515263E-1	-2.261613E+0
4.734047139E+6	-1.405909E+0	7.508775E-1	-2.115644E+0
4.734047240E+6	-1.405585E+0	7.524994E-1	-1.967404E+0
4.734047338E+6	-1.406233E+0	7.512019E-1	-1.818191E+0
4.734047439E+6	-1.406882E+0	7.521751E-1	-1.666059E+0
4.734047538E+6	-1.405260E+0	7.502288E-1	-1.512305E+0
4.734047638E+6	-1.407855E+0	7.518507E-1	-1.357253E+0
4.734047739E+6	-1.407855E+0	7.499044E-1	-1.201552E+0
4.734047839E+6	-1.404936E+0	7.515263E-1	-1.043256E+0
4.734047940E+6	-1.406233E+0	7.505532E-1	-8.852843E-1
4.734048040E+6	-1.404612E+0	7.521751E-1	-7.256908E-1
4.734048139E+6	-1.400719E+0	7.508775E-1	-5.660972E-1
4.734048239E+6	-1.403963E+0	7.524994E-1	-4.048817E-1
4.734048339E+6	-1.404936E+0	7.515263E-1	-2.439904E-1
4.734048440E+6	-1.402665E+0	7.518507E-1	-8.407218E-2
4.734048539E+6	-1.402017E+0	7.505532E-1	7.617050E-2
4.734048638E+6	-1.400395E+0	7.518507E-1	2.373864E-1
4.734048739E+6	-1.398124E+0	7.502288E-1	3.992512E-1
4.734048840E+6	-1.396178E+0	7.518507E-1	5.581966E-1
4.734048939E+6	-1.399421E+0	7.502288E-1	7.187640E-1
4.734049039E+6	-1.399421E+0	7.528238E-1	8.773853E-1
4.734049138E+6	-1.394231E+0	7.515263E-1	1.035358E+0
4.734049239E+6	-1.395529E+0	7.524994E-1	1.193331E+0
4.734049338E+6	-1.393907E+0	7.505532E-1	1.349357E+0
4.734049439E+6	-1.387744E+0	7.524994E-1	1.505384E+0
4.734049539E+6	-1.386122E+0	7.528238E-1	1.658167E+0
4.734049638E+6	-1.389366E+0	7.531482E-1	1.810625E+0
4.734049738E+6	-1.387744E+0	7.524994E-1	1.960813E+0
4.734049838E+6	-1.387420E+0	7.524994E-1	2.108082E+0
4.734049939E+6	-1.392610E+0	7.524994E-1	2.253729E+0
4.734050039E+6	-1.389690E+0	7.515263E-1	2.397430E+0
4.734050139E+6	-1.389366E+0	7.518507E-1	2.539184E+0
4.734050239E+6	-1.393583E+0	7.512019E-1	2.678020E+0
4.734050339E+6	-1.392285E+0	7.512019E-1	2.813936E+0
4.734050439E+6	-1.390339E+0	7.508775E-1	2.947581E+0
4.734050539E+6	-1.392934E+0	7.505532E-1	3.078307E+0
4.734050639E+6	-1.391961E+0	7.505532E-1	3.206113E+0
4.734050739E+6	-1.390339E+0	7.505532E-1	3.330352E+0
4.734050839E+6	-1.390663E+0	7.508775E-1	3.451671E+0
4.734050939E+6	-1.390339E+0	7.508775E-1	3.569098E+0
4.734051039E+6	-1.389366E+0	7.518507E-1	3.683605E+0
4.734051139E+6	-1.388393E+0	7.518507E-1	3.793571E+0
4.734051239E+6	-1.389041E+0	7.524994E-1	3.900617E+0
4.734051338E+6	-1.388717E+0	7.521751E-1	4.003122E+0
4.734051439E+6	-1.388393E+0	7.521751E-1	4.102384E+0
4.734051539E+6	-1.389041E+0	7.518507E-1	4.197104E+0
4.734051639E+6	-1.389690E+0	7.518507E-1	4.287283E+0
4.734051739E+6	-1.388393E+0	7.518507E-1	4.374218E+0
4.734051839E+6	-1.385473E+0	7.521751E-1	4.456936E+0
4.734051939E+6	-1.388393E+0	7.518507E-1	4.533815E+0
4.734052039E+6	-1.386446E+0	7.518507E-1	4.607775E+0
4.734052140E+6	-1.385798E+0	7.512019E-1	4.675896E+0
4.734052238E+6	-1.388717E+0	7.512019E-1	4.740448E+0
4.734052338E+6	-1.389366E+0	7.518507E-1	4.800459E+0
4.734052440E+6	-1.384500E+0	7.515263E-1	4.855281E+0
4.734052540E+6	-1.384176E+0	7.512019E-1	4.905236E+0
4.734052640E+6	-1.384500E+0	7.512019E-1	4.950001E+0
4.734052739E+6	-1.381256E+0	7.508775E-1	4.990874E+0
4.734052839E+6	-1.383527E+0	7.512019E-1	5.026556E+0
4.734052939E+6	-1.389041E+0	7.512019E-1	5.056724E+0
4.734053039E+6	-1.387095E+0	7.512019E-1	5.082350E+0
4.734053139E+6	-1.384500E+0	7.508775E-1	5.102787E+0
4.734053239E+6	-1.386771E+0	7.518507E-1	5.117384E+0
4.734053339E+6	-1.383851E+0	7.512019E-1	5.127440E+0
4.734053440E+6	-1.381581E+0	7.515263E-1	5.133603E+0
4.734053539E+6	-1.384825E+0	7.508775E-1	5.134252E+0
4.734053640E+6	-1.388068E+0	7.512019E-1	5.129062E+0
4.734053738E+6	-1.386446E+0	7.508775E-1	5.119330E+0
4.734053838E+6	-1.386446E+0	7.505532E-1	5.105057E+0
4.734053938E+6	-1.388068E+0	7.508775E-1	5.085270E+0
4.734054039E+6	-1.386122E+0	7.502288E-1	5.060292E+0
4.734054138E+6	-1.385798E+0	7.505532E-1	5.030449E+0
4.734054240E+6	-1.389690E+0	7.505532E-1	4.995415E+0
4.734054340E+6	-1.387095E+0	7.515263E-1	4.955516E+0
4.734054440E+6	-1.385798E+0	7.518507E-1	4.910750E+0
4.734054538E+6	-1.387744E+0	7.521751E-1	4.861444E+0
4.734054639E+6	-1.389366E+0	7.512019E-1	4.806947E+0
4.734054738E+6	-1.386771E+0	7.515263E-1	4.748882E+0
4.734054839E+6	-1.390663E+0	7.515263E-1	4.684654E+0
4.734054940E+6	-1.390988E+0	7.515263E-1	4.616533E+0
4.734055039E+6	-1.388393E+0	7.515263E-1	4.542898E+0
4.734055140E+6	-1.389041E+0	7.518507E-1	4.465045E+0
4.734055240E+6	-1.389041E+0	7.521751E-1	4.383301E+0
4.734055339E+6	-1.386122E+0	7.518507E-1	4.297663E+0
4.734055438E+6	-1.390339E+0	7.515263E-1	4.206836E+0
4.734055539E+6	-1.392285E+0	7.515263E-1	4.111791E+0
4.734055640E+6	-1.388717E+0	7.518507E-1	4.014152E+0
4.734055739E+6	-1.389690E+0	7.521751E-1	3.911646E+0
4.734055839E+6	-1.391961E+0	7.524994E-1	3.804924E+0
4.734055939E+6	-1.391312E+0	7.524994E-1	3.694634E+0
4.734056039E+6	-1.393907E+0	7.521751E-1	3.580127E+0
4.734056139E+6	-1.394231E+0	7.518507E-1	3.462051E+0
4.734056239E+6	-1.392934E+0	7.518507E-1	3.340732E+0
4.734056340E+6	-1.393907E+0	7.515263E-1	3.216818E+0
4.734056439E+6	-1.396178E+0	7.515263E-1	3.088687E+0
4.734056538E+6	-1.396502E+0	7.515263E-1	2.959259E+0
4.734056640E+6	-1.397800E+0	7.521751E-1	2.825613E+0
4.734056739E+6	-1.399746E+0	7.521751E-1	2.688724E+0
4.734056839E+6	-1.394880E+0	7.521751E-1	2.549565E+0
4.734056942E+6	-1.395205E+0	7.521751E-1	2.409432E+0
4.734057038E+6	-1.398124E+0	7.518507E-1	2.265082E+0
4.734057139E+6	-1.396178E+0	7.518507E-1	2.119111E+0
4.734057239E+6	-1.396826E+0	7.518507E-1	1.971518E+0
4.734057341E+6	-1.398448E+0	7.518507E-1	1.821005E+0
4.734057439E+6	-1.394556E+0	7.515263E-1	1.669844E+0
4.734057540E+6	-1.394231E+0	7.518507E-1	1.515764E+0
4.734057640E+6	-1.398124E+0	7.518507E-1	1.361035E+0
4.734057740E+6	-1.395853E+0	7.518507E-1	1.204035E+0
4.734057839E+6	-1.398448E+0	7.521751E-1	1.046711E+0
4.734057940E+6	-1.398773E+0	7.518507E-1	8.880898E-1
4.734058039E+6	-1.398448E+0	7.521751E-1	7.291442E-1
4.734058140E+6	-1.394231E+0	7.512019E-1	5.682523E-1
4.734058239E+6	-1.395853E+0	7.515263E-1	4.080094E-1
4.734058339E+6	-1.397800E+0	7.518507E-1	2.464690E-1
4.734058438E+6	-1.399421E+0	7.515263E-1	8.590184E-2
4.734058539E+6	-1.401368E+0	7.518507E-1	-7.401647E-2
4.734058640E+6	-1.403314E+0	7.524994E-1	-2.352322E-1
4.734058738E+6	-1.401043E+0	7.521751E-1	-3.964479E-1
4.734058839E+6	-1.400719E+0	7.521751E-1	-5.566903E-1
4.734058938E+6	-1.402990E+0	7.518507E-1	-7.172570E-1
4.734059040E+6	-1.401368E+0	7.518507E-1	-8.758774E-1
4.734059139E+6	-1.402665E+0	7.508775E-1	-1.033849E+0
4.734059240E+6	-1.404287E+0	7.515263E-1	-1.191820E+0
4.734059339E+6	-1.403314E+0	7.512019E-1	-1.347846E+0
4.734059439E+6	-1.403314E+0	7.515263E-1	-1.502573E+0
4.734059539E+6	-1.404936E+0	7.512019E-1	-1.656328E+0
4.734059640E+6	-1.402990E+0	7.518507E-1	-1.807811E+0
4.734059741E+6	-1.401692E+0	7.512019E-1	-1.957673E+0
4.734059839E+6	-1.405585E+0	7.508775E-1	-2.105589E+0
4.734059939E+6	-1.404936E+0	7.505532E-1	-2.250909E+0
4.734060039E+6	-1.403963E+0	7.505532E-1	-2.394283E+0
4.734060139E+6	-1.402341E+0	7.512019E-1	-2.536035E+0
4.734060240E+6	-1.402665E+0	7.512019E-1	-2.674868E+0
4.734060339E+6	-1.402665E+0	7.515263E-1	-2.810457E+0
4.734060439E+6	-1.402990E+0	7.512019E-1	-2.944424E+0
4.734060539E+6	-1.403638E+0	7.515263E-1	-3.075147E+0
4.734060639E+6	-1.403314E+0	7.515263E-1	-3.202302E+0
4.734060738E+6	-1.402017E+0	7.508775E-1	-3.326214E+0
4.734060839E+6	-1.404287E+0	7.512019E-1	-3.447530E+0
4.734060940E+6	-1.403314E+0	7.505532E-1	-3.564305E+0
4.734061039E+6	-1.401692E+0	7.512019E-1	-3.678809E+0
4.734061138E+6	-1.405260E+0	7.505532E-1	-3.789421E+0
4.734061240E+6	-1.404936E+0	7.508775E-1	-3.896141E+0
4.734061341E+6	-1.402341E+0	7.512019E-1	-3.998643E+0
4.734061438E+6	-1.401043E+0	7.515263E-1	-4.097253E+0
4.734061539E+6	-1.402990E+0	7.515263E-1	-4.192295E+0
4.734061640E+6	-1.402341E+0	7.521751E-1	-4.283444E+0
4.734061739E+6	-1.403638E+0	7.518507E-1	-4.370052E+0
4.734061841E+6	-1.403638E+0	7.524994E-1	-4.452119E+0
4.734061939E+6	-1.402017E+0	7.518507E-1	-4.528996E+0
4.734062038E+6	-1.401043E+0	7.521751E-1	-4.602953E+0
4.734062139E+6	-1.402341E+0	7.518507E-1	-4.671396E+0
4.734062239E+6	-1.400395E+0	7.518507E-1	-4.735947E+0
4.734062339E+6	-1.400070E+0	7.518507E-1	-4.795956E+0
4.734062439E+6	-1.402990E+0	7.521751E-1	-4.850775E+0
4.734062539E+6	-1.400719E+0	7.515263E-1	-4.901378E+0
4.734062640E+6	-1.400395E+0	7.518507E-1	-4.946466E+0
4.734062738E+6	-1.401043E+0	7.512019E-1	-4.986364E+0
4.734062840E+6	-1.400719E+0	7.518507E-1	-5.022045E+0
4.734062938E+6	-1.399746E+0	7.515263E-1	-5.052536E+0
4.734063038E+6	-1.400395E+0	7.518507E-1	-5.077837E+0
4.734063138E+6	-1.399421E+0	7.512019E-1	-5.098273E+0
4.734063240E+6	-1.398124E+0	7.512019E-1	-5.113843E+0
4.734063339E+6	-1.399421E+0	7.508775E-1	-5.123898E+0
4.734063439E+6	-1.401043E+0	7.508775E-1	-5.129413E+0
4.734063540E+6	-1.400719E+0	7.512019E-1	-5.129413E+0
4.734063640E+6	-1.399421E+0	7.505532E-1	-5.124872E+0
4.734063740E+6	-1.399746E+0	7.505532E-1	-5.115465E+0
4.734063839E+6	-1.398773E+0	7.502288E-1	-5.100544E+0
4.734063939E+6	-1.399097E+0	7.505532E-1	-5.080757E+0
4.734064039E+6	-1.400070E+0	7.502288E-1	-5.055780E+0
4.734064139E+6	-1.401368E+0	7.508775E-1	-5.025937E+0
4.734064239E+6	-1.400395E+0	7.512019E-1	-4.990905E+0
4.734064339E+6	-1.400070E+0	7.512019E-1	-4.951331E+0
4.734064438E+6	-1.399421E+0	7.512019E-1	-4.906568E+0
4.734064538E+6	-1.396826E+0	7.518507E-1	-4.857263E+0
4.734064638E+6	-1.398124E+0	7.512019E-1	-4.802443E+0
4.734064740E+6	-1.398124E+0	7.512019E-1	-4.743407E+0
4.734064839E+6	-1.398448E+0	7.515263E-1	-4.679181E+0
4.734064939E+6	-1.398448E+0	7.515263E-1	-4.610738E+0
4.734065039E+6	-1.398773E+0	7.512019E-1	-4.538078E+0
4.734065139E+6	-1.396826E+0	7.512019E-1	-4.460553E+0
4.734065239E+6	-1.397475E+0	7.512019E-1	-4.378486E+0
4.734065340E+6	-1.397800E+0	7.505532E-1	-4.292202E+0
4.734065439E+6	-1.396826E+0	7.512019E-1	-4.202350E+0
4.734065538E+6	-1.398124E+0	7.508775E-1	-4.107309E+0
4.734065640E+6	-1.399421E+0	7.508775E-1	-4.008699E+0
4.734065739E+6	-1.398448E+0	7.515263E-1	-3.905872E+0
4.734065840E+6	-1.399421E+0	7.515263E-1	-3.800126E+0
4.734065939E+6	-1.400395E+0	7.512019E-1	-3.689514E+0
4.734066038E+6	-1.400395E+0	7.512019E-1	-3.575334E+0
4.734066139E+6	-1.400070E+0	7.512019E-1	-3.458883E+0
4.734066239E+6	-1.399746E+0	7.515263E-1	-3.337242E+0
4.734066339E+6	-1.399746E+0	7.518507E-1	-3.213007E+0
4.734066440E+6	-1.398773E+0	7.515263E-1	-3.086176E+0
4.734066539E+6	-1.399746E+0	7.512019E-1	-2.955128E+0
4.734066639E+6	-1.402341E+0	7.515263E-1	-2.822459E+0
4.734066740E+6	-1.400719E+0	7.512019E-1	-2.685572E+0
4.734066840E+6	-1.401368E+0	7.515263E-1	-2.546415E+0
4.734066939E+6	-1.401368E+0	7.515263E-1	-2.405636E+0
4.734067040E+6	-1.399746E+0	7.515263E-1	-2.261613E+0
4.734067140E+6	-1.399746E+0	7.508775E-1	-2.115320E+0
4.734067239E+6	-1.397800E+0	7.508775E-1	-1.967404E+0
4.734067339E+6	-1.399746E+0	7.502288E-1	-1.817867E+0
4.734067439E+6	-1.395853E+0	7.505532E-1	-1.665410E+0
4.734067539E+6	-1.395205E+0	7.508775E-1	-1.511980E+0
4.734067639E+6	-1.396178E+0	7.505532E-1	-1.356928E+0
4.734067739E+6	-1.393907E+0	7.505532E-1	-1.200903E+0
4.734067839E+6	-1.392610E+0	7.502288E-1	-1.043580E+0
4.734067938E+6	-1.392934E+0	7.502288E-1	-8.852843E-1
4.734068038E+6	-1.392610E+0	7.505532E-1	-7.250421E-1
4.734068139E+6	-1.393907E+0	7.502288E-1	-5.660972E-1
4.734068239E+6	-1.392610E+0	7.508775E-1	-4.055304E-1
4.734068339E+6	-1.395853E+0	7.508775E-1	-2.443148E-1
4.734068438E+6	-1.397475E+0	7.512019E-1	-8.374780E-2
4.734068539E+6	-1.394880E+0	7.512019E-1	7.617050E-2
4.734068640E+6	-1.396178E+0	7.515263E-1	2.377108E-1
4.734068740E+6	-1.397800E+0	7.512019E-1	3.982780E-1
4.734068839E+6	-1.397151E+0	7.512019E-1	5.594941E-1
4.734068939E+6	-1.398124E+0	7.508775E-1	7.200616E-1
4.734069039E+6	-1.397800E+0	7.512019E-1	8.790072E-1
4.734069139E+6	-1.396826E+0	7.518507E-1	1.037304E+0
4.734069239E+6	-1.394556E+0	7.515263E-1	1.194952E+0
4.734069339E+6	-1.395205E+0	7.518507E-1	1.350979E+0
4.734069439E+6	-1.396826E+0	7.521751E-1	1.506032E+0
4.734069540E+6	-1.395853E+0	7.515263E-1	1.658815E+0
4.734069640E+6	-1.396826E+0	7.515263E-1	1.810301E+0
4.734069739E+6	-1.395853E+0	7.508775E-1	1.960165E+0
4.734069839E+6	-1.397475E+0	7.512019E-1	2.107433E+0
4.734069939E+6	-1.392285E+0	7.508775E-1	2.254378E+0
4.734070040E+6	-1.399421E+0	7.512019E-1	2.398079E+0
4.734070139E+6	-1.397151E+0	7.512019E-1	2.539184E+0
4.734070239E+6	-1.390988E+0	7.512019E-1	2.678020E+0
4.734070339E+6	-1.399097E+0	7.512019E-1	2.814584E+0
4.734070439E+6	-1.395853E+0	7.515263E-1	2.948554E+0
4.734070539E+6	-1.391312E+0	7.515263E-1	3.078956E+0
4.734070640E+6	-1.398124E+0	7.518507E-1	3.206438E+0
4.734070738E+6	-1.397800E+0	7.521751E-1	3.330352E+0
4.734070839E+6	-1.391636E+0	7.518507E-1	3.451347E+0
4.734070939E+6	-1.395205E+0	7.518507E-1	3.569098E+0
4.734071039E+6	-1.398124E+0	7.512019E-1	3.682956E+0
4.734071139E+6	-1.391636E+0	7.515263E-1	3.793571E+0
4.734071239E+6	-1.397800E+0	7.508775E-1	3.900942E+0
4.734071339E+6	-1.395529E+0	7.508775E-1	4.003771E+0
4.734071439E+6	-1.391636E+0	7.515263E-1	4.102708E+0
4.734071538E+6	-1.391961E+0	7.512019E-1	4.196780E+0
4.734071639E+6	-1.393583E+0	7.512019E-1	4.287932E+0
4.734071740E+6	-1.391961E+0	7.512019E-1	4.373893E+0
4.734071838E+6	-1.389690E+0	7.515263E-1	4.455963E+0
4.734071939E+6	-1.392285E+0	7.512019E-1	4.534139E+0
4.734072039E+6	-1.394556E+0	7.508775E-1	4.606802E+0
4.734072139E+6	-1.384825E+0	7.512019E-1	4.675571E+0
4.734072238E+6	-1.389690E+0	7.512019E-1	4.740124E+0
4.734072339E+6	-1.393258E+0	7.502288E-1	4.799162E+0
4.734072439E+6	-1.388393E+0	7.508775E-1	4.853983E+0
4.734072539E+6	-1.389366E+0	7.512019E-1	4.903614E+0
4.734072638E+6	-1.392934E+0	7.508775E-1	4.949677E+0
4.734072739E+6	-1.387095E+0	7.508775E-1	4.989900E+0
4.734072840E+6	-1.390663E+0	7.512019E-1	5.025583E+0
4.734072940E+6	-1.395205E+0	7.515263E-1	5.056075E+0
4.734073040E+6	-1.386446E+0	7.515263E-1	5.081377E+0
4.734073139E+6	-1.390339E+0	7.512019E-1	5.102138E+0
4.734073239E+6	-1.391961E+0	7.508775E-1	5.117060E+0
4.734073339E+6	-1.387420E+0	7.512019E-1	5.127764E+0
4.734073439E+6	-1.391961E+0	7.515263E-1	5.133279E+0
4.734073539E+6	-1.391312E+0	7.512019E-1	5.133279E+0
4.734073639E+6	-1.393258E+0	7.515263E-1	5.128738E+0
4.734073739E+6	-1.388393E+0	7.512019E-1	5.119006E+0
4.734073839E+6	-1.391636E+0	7.512019E-1	5.104084E+0
4.734073939E+6	-1.390015E+0	7.515263E-1	5.083648E+0
4.734074039E+6	-1.389041E+0	7.512019E-1	5.058346E+0
4.734074138E+6	-1.386122E+0	7.505532E-1	5.028827E+0
4.734074238E+6	-1.391636E+0	7.508775E-1	4.993469E+0
4.734074338E+6	-1.386446E+0	7.508775E-1	4.953894E+0
4.734074440E+6	-1.384825E+0	7.512019E-1	4.909453E+0
4.734074538E+6	-1.387744E+0	7.512019E-1	4.859822E+0
4.734074639E+6	-1.386122E+0	7.518507E-1	4.805974E+0
4.734074739E+6	-1.385798E+0	7.512019E-1	4.745963E+0
4.734074840E+6	-1.385798E+0	7.518507E-1	4.682383E+0
4.734074939E+6	-1.385473E+0	7.518507E-1	4.613938E+0
4.734075040E+6	-1.386122E+0	7.521751E-1	4.541600E+0
4.734075140E+6	-1.387744E+0	7.524994E-1	4.463748E+0
4.734075239E+6	-1.392610E+0	7.518507E-1	4.381679E+0
4.734075339E+6	-1.388068E+0	7.518507E-1	4.295392E+0
4.734075440E+6	-1.390015E+0	7.515263E-1	4.206187E+0
4.734075539E+6	-1.386771E+0	7.515263E-1	4.110818E+0
4.734075640E+6	-1.389041E+0	7.512019E-1	4.012205E+0
4.734075740E+6	-1.387420E+0	7.508775E-1	3.910349E+0
4.734075839E+6	-1.390663E+0	7.512019E-1	3.803627E+0
4.734075939E+6	-1.388393E+0	7.512019E-1	3.693012E+0
4.734076039E+6	-1.389366E+0	7.508775E-1	3.578829E+0
4.734076139E+6	-1.389690E+0	7.508775E-1	3.461402E+0
4.734076239E+6	-1.391636E+0	7.512019E-1	3.340408E+0
4.734076338E+6	-1.390015E+0	7.512019E-1	3.216169E+0
4.734076440E+6	-1.395205E+0	7.515263E-1	3.089011E+0
4.734076539E+6	-1.392934E+0	7.505532E-1	2.958285E+0
4.734076638E+6	-1.393258E+0	7.512019E-1	2.825289E+0
4.734076739E+6	-1.396178E+0	7.505532E-1	2.688724E+0
4.734076839E+6	-1.399097E+0	7.512019E-1	2.548916E+0
4.734076939E+6	-1.397800E+0	7.518507E-1	2.407486E+0
4.734077039E+6	-1.398124E+0	7.515263E-1	2.263785E+0
4.734077140E+6	-1.398124E+0	7.515263E-1	2.117489E+0
4.734077239E+6	-1.398773E+0	7.515263E-1	1.969896E+0
4.734077339E+6	-1.401043E+0	7.508775E-1	1.819708E+0
4.734077440E+6	-1.400395E+0	7.508775E-1	1.668222E+0
4.734077540E+6	-1.397475E+0	7.512019E-1	1.514142E+0
4.734077639E+6	-1.397151E+0	7.515263E-1	1.359088E+0
4.734077739E+6	-1.396178E+0	7.515263E-1	1.202738E+0
4.734077840E+6	-1.394556E+0	7.521751E-1	1.045414E+0
4.734077938E+6	-1.395853E+0	7.515263E-1	8.867923E-1
4.734078038E+6	-1.398124E+0	7.515263E-1	7.278466E-1
4.734078140E+6	-1.396502E+0	7.518507E-1	5.676036E-1
4.734078239E+6	-1.396502E+0	7.521751E-1	4.070362E-1
4.734078338E+6	-1.397800E+0	7.524994E-1	2.458202E-1
4.734078438E+6	-1.397151E+0	7.515263E-1	8.557746E-2
4.734078539E+6	-1.397800E+0	7.521751E-1	-7.466523E-2
4.734078639E+6	-1.399421E+0	7.515263E-1	-2.358810E-1
4.734078739E+6	-1.398773E+0	7.512019E-1	-3.964479E-1
4.734078841E+6	-1.398448E+0	7.512019E-1	-5.576634E-1
4.734078939E+6	-1.401043E+0	7.512019E-1	-7.175814E-1
4.734079039E+6	-1.402665E+0	7.518507E-1	-8.762018E-1
4.734079140E+6	-1.402990E+0	7.515263E-1	-1.034498E+0
4.734079239E+6	-1.404287E+0	7.518507E-1	-1.192145E+0
4.734079342E+6	-1.403638E+0	7.524994E-1	-1.347197E+0
4.734079438E+6	-1.401043E+0	7.524994E-1	-1.501600E+0
4.734079539E+6	-1.401043E+0	7.521751E-1	-1.655354E+0
4.734079638E+6	-1.403963E+0	7.524994E-1	-1.807811E+0
4.734079739E+6	-1.402990E+0	7.531482E-1	-1.956700E+0
4.734079839E+6	-1.405585E+0	7.531482E-1	-2.104615E+0
4.734079940E+6	-1.406558E+0	7.518507E-1	-2.250585E+0
4.734080039E+6	-1.399746E+0	7.518507E-1	-2.393959E+0
4.734080138E+6	-1.402017E+0	7.521751E-1	-2.535386E+0
4.734080238E+6	-1.401692E+0	7.518507E-1	-2.674219E+0
4.734080339E+6	-1.395853E+0	7.515263E-1	-2.810781E+0
4.734080439E+6	-1.400719E+0	7.512019E-1	-2.943775E+0
4.734080539E+6	-1.402665E+0	7.515263E-1	-3.075472E+0
4.734080640E+6	-1.398448E+0	7.521751E-1	-3.202627E+0
4.734080739E+6	-1.401692E+0	7.521751E-1	-3.326862E+0
4.734080839E+6	-1.401043E+0	7.528238E-1	-3.447530E+0
4.734080939E+6	-1.397800E+0	7.524994E-1	-3.565278E+0
4.734081040E+6	-1.399097E+0	7.528238E-1	-3.679134E+0
4.734081140E+6	-1.399421E+0	7.531482E-1	-3.789746E+0
4.734081239E+6	-1.398448E+0	7.524994E-1	-3.896141E+0
4.734081340E+6	-1.400070E+0	7.524994E-1	-3.998967E+0
4.734081439E+6	-1.400070E+0	7.524994E-1	-4.097577E+0
4.734081539E+6	-1.400395E+0	7.524994E-1	-4.192619E+0
4.734081640E+6	-1.399421E+0	7.521751E-1	-4.283120E+0
4.734081739E+6	-1.402341E+0	7.512019E-1	-4.369728E+0
4.734081839E+6	-1.400395E+0	7.512019E-1	-4.451794E+0
4.734081939E+6	-1.398448E+0	7.508775E-1	-4.529320E+0
4.734082039E+6	-1.401368E+0	7.512019E-1	-4.603277E+0
4.734082139E+6	-1.399746E+0	7.512019E-1	-4.672045E+0
4.734082241E+6	-1.398773E+0	7.518507E-1	-4.735947E+0
4.734082340E+6	-1.398448E+0	7.521751E-1	-4.795956E+0
4.734082439E+6	-1.398773E+0	7.515263E-1	-4.851100E+0
4.734082540E+6	-1.395529E+0	7.515263E-1	-4.901053E+0
4.734082641E+6	-1.397151E+0	7.515263E-1	-4.946141E+0
4.734082739E+6	-1.395529E+0	7.512019E-1	-4.986688E+0
4.734082839E+6	-1.395853E+0	7.518507E-1	-5.022045E+0
4.734082940E+6	-1.399746E+0	7.524994E-1	-5.052536E+0
4.734083039E+6	-1.395529E+0	7.528238E-1	-5.077837E+0
4.734083140E+6	-1.402017E+0	7.518507E-1	-5.098273E+0
4.734083239E+6	-1.392285E+0	7.521751E-1	-5.113518E+0
4.734083340E+6	-1.401368E+0	7.518507E-1	-5.124223E+0
4.734083438E+6	-1.396502E+0	7.521751E-1	-5.129413E+0
4.734083539E+6	-1.401043E+0	7.512019E-1	-5.130062E+0
4.734083639E+6	-1.399746E+0	7.505532E-1	-5.125196E+0
4.734083740E+6	-1.397151E+0	7.512019E-1	-5.115465E+0
4.734083838E+6	-1.394880E+0	7.508775E-1	-5.100219E+0
4.734083939E+6	-1.393258E+0	7.512019E-1	-5.080757E+0
4.734084038E+6	-1.400395E+0	7.512019E-1	-5.056429E+0
4.734084140E+6	-1.389041E+0	7.515263E-1	-5.025937E+0
4.734084239E+6	-1.387095E+0	7.512019E-1	-4.990905E+0
4.734084340E+6	-1.386122E+0	7.515263E-1	-4.951331E+0
4.734084440E+6	-1.397475E+0	7.521751E-1	-4.906243E+0
4.734084541E+6	-1.419533E+0	7.515263E-1	-4.857263E+0
4.734084639E+6	-1.429264E+0	7.521751E-1	-4.802443E+0
4.734084739E+6	-1.433157E+0	7.515263E-1	-4.742758E+0
4.734084841E+6	-1.431859E+0	7.518507E-1	-4.679181E+0
4.734084940E+6	-1.431210E+0	7.521751E-1	-4.610738E+0
4.734085041E+6	-1.432508E+0	7.521751E-1	-4.538078E+0
4.734085140E+6	-1.435103E+0	7.518507E-1	-4.460553E+0
4.734085239E+6	-1.435103E+0	7.518507E-1	-4.378486E+0
4.734085338E+6	-1.435427E+0	7.515263E-1	-4.292202E+0
4.734085438E+6	-1.437374E+0	7.512019E-1	-4.202026E+0
4.734085539E+6	-1.437698E+0	7.508775E-1	-4.107633E+0
4.734085640E+6	-1.429913E+0	7.515263E-1	-4.008699E+0
4.734085739E+6	-1.428615E+0	7.524994E-1	-3.906196E+0
4.734085840E+6	-1.430886E+0	7.518507E-1	-3.800126E+0
4.734085940E+6	-1.423750E+0	7.524994E-1	-3.689514E+0
4.734086039E+6	-1.426345E+0	7.521751E-1	-3.575658E+0
4.734086139E+6	-1.428615E+0	7.521751E-1	-3.458559E+0
4.734086239E+6	-1.430237E+0	7.524994E-1	-3.336918E+0
4.734086338E+6	-1.430562E+0	7.531482E-1	-3.212682E+0
4.734086440E+6	-1.428940E+0	7.528238E-1	-3.086176E+0
4.734086539E+6	-1.430562E+0	7.524994E-1	-2.955128E+0
4.734086639E+6	-1.430562E+0	7.521751E-1	-2.821810E+0
4.734086739E+6	-1.429913E+0	7.518507E-1	-2.685248E+0
4.734086839E+6	-1.431210E+0	7.518507E-1	-2.546415E+0
4.734086939E+6	-1.431859E+0	7.518507E-1	-2.405636E+0
4.734087039E+6	-1.431210E+0	7.524994E-1	-2.261938E+0
4.734087140E+6	-1.429589E+0	7.521751E-1	-2.115644E+0
4.734087239E+6	-1.427967E+0	7.518507E-1	-1.967080E+0
4.734087339E+6	-1.426669E+0	7.521751E-1	-1.817867E+0
4.734087439E+6	-1.427318E+0	7.521751E-1	-1.665086E+0
4.734087540E+6	-1.428940E+0	7.515263E-1	-1.511980E+0
4.734087640E+6	-1.429589E+0	7.515263E-1	-1.357253E+0
4.734087738E+6	-1.431210E+0	7.505532E-1	-1.201227E+0
4.734087839E+6	-1.429589E+0	7.512019E-1	-1.043256E+0
4.734087939E+6	-1.426669E+0	7.512019E-1	-8.849600E-1
4.734088039E+6	-1.426345E+0	7.512019E-1	-7.256908E-1
4.734088138E+6	-1.426669E+0	7.508775E-1	-5.657729E-1
4.734088238E+6	-1.426020E+0	7.512019E-1	-4.065036E-1
4.734088338E+6	-1.427318E+0	7.512019E-1	-2.456123E-1
4.734088439E+6	-1.425696E+0	7.515263E-1	-8.504532E-2
4.734088537E+6	-1.425696E+0	7.515263E-1	7.487299E-2
4.734088638E+6	-1.424398E+0	7.518507E-1	2.373864E-1
4.734088738E+6	-1.423750E+0	7.515263E-1	3.986024E-1
4.734088838E+6	-1.423750E+0	7.512019E-1	5.594941E-1
4.734088938E+6	-1.423101E+0	7.518507E-1	7.190884E-1
4.734089038E+6	-1.422777E+0	7.518507E-1	8.783584E-1
4.734089139E+6	-1.423425E+0	7.524994E-1	1.036980E+0
4.734089240E+6	-1.422128E+0	7.524994E-1	1.194628E+0
4.734089340E+6	-1.420506E+0	7.521751E-1	1.350979E+0
4.734089439E+6	-1.422452E+0	7.521751E-1	1.505059E+0
4.734089539E+6	-1.420182E+0	7.521751E-1	1.658491E+0
4.734089639E+6	-1.419208E+0	7.521751E-1	1.810625E+0
4.734089739E+6	-1.418235E+0	7.524994E-1	1.960165E+0
4.734089838E+6	-1.417911E+0	7.524994E-1	2.108407E+0
4.734089940E+6	-1.419533E+0	7.521751E-1	2.254702E+0
4.734090039E+6	-1.419857E+0	7.524994E-1	2.398727E+0
4.734090138E+6	-1.419533E+0	7.528238E-1	2.539833E+0
4.734090239E+6	-1.418560E+0	7.528238E-1	2.678668E+0
4.734090339E+6	-1.417587E+0	7.521751E-1	2.814584E+0
4.734090440E+6	-1.416613E+0	7.521751E-1	2.947905E+0
4.734090539E+6	-1.415965E+0	7.518507E-1	3.078631E+0
4.734090639E+6	-1.415316E+0	7.518507E-1	3.205465E+0
4.734090738E+6	-1.413370E+0	7.518507E-1	3.330027E+0
4.734090839E+6	-1.412072E+0	7.518507E-1	3.450698E+0
4.734090939E+6	-1.411748E+0	7.521751E-1	3.568124E+0
4.734091038E+6	-1.411099E+0	7.521751E-1	3.683280E+0
4.734091140E+6	-1.413045E+0	7.528238E-1	3.793246E+0
4.734091239E+6	-1.414343E+0	7.531482E-1	3.899644E+0
4.734091340E+6	-1.415640E+0	7.524994E-1	4.002474E+0
4.734091438E+6	-1.415316E+0	7.524994E-1	4.101411E+0
4.734091539E+6	-1.414343E+0	7.521751E-1	4.196455E+0
4.734091638E+6	-1.414992E+0	7.518507E-1	4.287283E+0
4.734091738E+6	-1.415965E+0	7.505532E-1	4.374542E+0
4.734091840E+6	-1.416613E+0	7.512019E-1	4.457260E+0
4.734091939E+6	-1.414992E+0	7.508775E-1	4.534788E+0
4.734092038E+6	-1.416289E+0	7.515263E-1	4.607775E+0
4.734092139E+6	-1.415316E+0	7.518507E-1	4.676220E+0
4.734092239E+6	-1.417262E+0	7.521751E-1	4.740773E+0
4.734092339E+6	-1.416613E+0	7.524994E-1	4.800135E+0
4.734092439E+6	-1.416938E+0	7.528238E-1	4.854307E+0
4.734092539E+6	-1.415316E+0	7.524994E-1	4.905236E+0
4.734092640E+6	-1.412397E+0	7.528238E-1	4.950650E+0
4.734092739E+6	-1.412072E+0	7.528238E-1	4.990549E+0
4.734092840E+6	-1.411423E+0	7.528238E-1	5.026232E+0
4.734092939E+6	-1.411748E+0	7.531482E-1	5.057048E+0
4.734093038E+6	-1.411748E+0	7.531482E-1	5.083324E+0
4.734093138E+6	-1.411099E+0	7.528238E-1	5.103111E+0
4.734093239E+6	-1.411423E+0	7.528238E-1	5.118033E+0
4.734093340E+6	-1.410450E+0	7.528238E-1	5.128738E+0
4.734093440E+6	-1.410775E+0	7.528238E-1	5.133603E+0
4.734093540E+6	-1.409802E+0	7.524994E-1	5.134577E+0
4.734093641E+6	-1.409802E+0	7.524994E-1	5.128413E+0
4.734093738E+6	-1.412721E+0	7.528238E-1	5.119006E+0
4.734093839E+6	-1.414018E+0	7.531482E-1	5.104409E+0
4.734093940E+6	-1.414343E+0	7.521751E-1	5.084945E+0
4.734094039E+6	-1.415640E+0	7.518507E-1	5.059968E+0
4.734094138E+6	-1.420182E+0	7.515263E-1	5.029151E+0
4.734094238E+6	-1.416289E+0	7.515263E-1	4.994766E+0
4.734094339E+6	-1.411748E+0	7.518507E-1	4.954867E+0
4.734094438E+6	-1.405260E+0	7.524994E-1	4.909777E+0
4.734094540E+6	-1.395853E+0	7.524994E-1	4.860795E+0
4.734094639E+6	-1.410775E+0	7.531482E-1	4.806298E+0
4.734094738E+6	-1.403638E+0	7.534726E-1	4.747260E+0
4.734094842E+6	-1.399746E+0	7.524994E-1	4.683356E+0
4.734094939E+6	-1.472082E+0	7.524994E-1	4.615560E+0
4.734095039E+6	-1.374444E+0	7.531482E-1	4.542573E+0
4.734095137E+6	-1.355955E+0	7.521751E-1	4.465045E+0
4.734095239E+6	-1.414343E+0	7.518507E-1	4.383301E+0
4.734095339E+6	-1.366659E+0	7.515263E-1	4.297987E+0
4.734095439E+6	-1.341358E+0	7.508775E-1	4.206187E+0
4.734095539E+6	-1.389041E+0	7.502288E-1	4.112115E+0
4.734095638E+6	-1.394880E+0	7.495800E-1	4.014152E+0
4.734095739E+6	-1.342007E+0	7.492556E-1	3.911646E+0
4.734095840E+6	-1.342331E+0	7.495800E-1	3.804600E+0
4.734095939E+6	-1.374769E+0	7.486069E-1	3.693985E+0
4.734096040E+6	-1.337790E+0	7.489313E-1	3.579802E+0
4.734096139E+6	-1.380932E+0	7.486069E-1	3.461727E+0
4.734096238E+6	-1.425047E+0	7.482825E-1	3.341705E+0
4.734096338E+6	-1.364713E+0	7.482825E-1	3.217142E+0
4.734096440E+6	-1.368281E+0	7.486069E-1	3.090309E+0
4.734096539E+6	-1.399097E+0	7.489313E-1	2.959259E+0
4.734096639E+6	-1.359848E+0	7.492556E-1	2.825613E+0
4.734096739E+6	-1.354982E+0	7.499044E-1	2.690022E+0
4.734096839E+6	-1.389690E+0	7.495800E-1	2.550213E+0
4.734096939E+6	-1.373147E+0	7.492556E-1	2.409108E+0
4.734097039E+6	-1.363091E+0	7.495800E-1	2.265407E+0
4.734097139E+6	-1.383527E+0	7.492556E-1	2.119111E+0
4.734097239E+6	-1.380283E+0	7.495800E-1	1.971194E+0
4.734097339E+6	-1.362443E+0	7.492556E-1	1.820681E+0
4.734097439E+6	-1.371201E+0	7.489313E-1	1.669196E+0
4.734097539E+6	-1.383203E+0	7.486069E-1	1.515440E+0
4.734097640E+6	-1.368930E+0	7.492556E-1	1.361035E+0
4.734097739E+6	-1.371201E+0	7.492556E-1	1.203711E+0
4.734097840E+6	-1.389690E+0	7.486069E-1	1.047036E+0
4.734097939E+6	-1.366335E+0	7.489313E-1	8.880898E-1
4.734098039E+6	-1.369903E+0	7.492556E-1	7.284954E-1
4.734098139E+6	-1.373471E+0	7.486069E-1	5.682523E-1
4.734098239E+6	-1.372498E+0	7.489313E-1	4.070362E-1
4.734098340E+6	-1.372823E+0	7.482825E-1	2.458202E-1
4.734098439E+6	-1.378337E+0	7.479581E-1	8.590184E-2
4.734098539E+6	-1.372823E+0	7.476338E-1	-7.434085E-2
4.734098640E+6	-1.382554E+0	7.476338E-1	-2.352322E-1
4.734098739E+6	-1.395529E+0	7.476338E-1	-3.964479E-1
4.734098839E+6	-1.382230E+0	7.479581E-1	-5.566903E-1
4.734098939E+6	-1.379959E+0	7.479581E-1	-7.172570E-1
4.734099039E+6	-1.379635E+0	7.479581E-1	-8.762018E-1
4.734099139E+6	-1.377688E+0	7.479581E-1	-1.034822E+0
4.734099240E+6	-1.374444E+0	7.476338E-1	-1.192469E+0
4.734099339E+6	-1.376066E+0	7.482825E-1	-1.348170E+0
4.734099439E+6	-1.380608E+0	7.482825E-1	-1.503222E+0
4.734099540E+6	-1.378661E+0	7.482825E-1	-1.656652E+0
4.734099639E+6	-1.376715E+0	7.476338E-1	-1.808136E+0
4.734099739E+6	-1.381256E+0	7.476338E-1	-1.957997E+0
4.734099839E+6	-1.379635E+0	7.476338E-1	-2.105913E+0
4.734099939E+6	-1.376391E+0	7.479581E-1	-2.251558E+0
4.734100039E+6	-1.389041E+0	7.482825E-1	-2.395256E+0
4.734100139E+6	-1.385149E+0	7.476338E-1	-2.536360E+0
4.734100239E+6	-1.371201E+0	7.479581E-1	-2.675517E+0
4.734100339E+6	-1.377688E+0	7.476338E-1	-2.811754E+0
4.734100438E+6	-1.395205E+0	7.479581E-1	-2.945397E+0
4.734100539E+6	-1.386446E+0	7.469850E-1	-3.075147E+0
4.734100639E+6	-1.384825E+0	7.469850E-1	-3.202627E+0
4.734100739E+6	-1.390663E+0	7.473094E-1	-3.327511E+0
4.734100841E+6	-1.373147E+0	7.466606E-1	-3.447854E+0
4.734100938E+6	-1.367633E+0	7.473094E-1	-3.565278E+0
4.734101039E+6	-1.386771E+0	7.482825E-1	-3.679458E+0
4.734101139E+6	-1.375093E+0	7.482825E-1	-3.789421E+0
4.734101238E+6	-1.357577E+0	7.489313E-1	-3.896141E+0
4.734101340E+6	-1.364389E+0	7.489313E-1	-3.998967E+0
4.734101438E+6	-1.384500E+0	7.495800E-1	-4.097902E+0
4.734101539E+6	-1.386771E+0	7.489313E-1	-4.192943E+0
4.734101638E+6	-1.395205E+0	7.482825E-1	-4.283768E+0
4.734101740E+6	-1.398773E+0	7.486069E-1	-4.369403E+0
4.734101839E+6	-1.387420E+0	7.492556E-1	-4.452119E+0
4.734101938E+6	-1.380932E+0	7.492556E-1	-4.529644E+0
4.734102038E+6	-1.372823E+0	7.495800E-1	-4.602953E+0
4.734102140E+6	-1.368930E+0	7.495800E-1	-4.672045E+0
4.734102240E+6	-1.365038E+0	7.495800E-1	-4.736271E+0
4.734102338E+6	-1.367957E+0	7.492556E-1	-4.796280E+0
4.734102438E+6	-1.373147E+0	7.492556E-1	-4.851100E+0
4.734102539E+6	-1.371201E+0	7.492556E-1	-4.901378E+0
4.734102640E+6	-1.363091E+0	7.489313E-1	-4.946790E+0
4.734102738E+6	-1.365686E+0	7.495800E-1	-4.986688E+0
4.734102840E+6	-1.356279E+0	7.492556E-1	-5.022045E+0
4.734102939E+6	-1.372174E+0	7.492556E-1	-5.052536E+0
4.734103039E+6	-1.375093E+0	7.495800E-1	-5.077837E+0
4.734103139E+6	-1.373147E+0	7.495800E-1	-5.098597E+0
4.734103238E+6	-1.372174E+0	7.502288E-1	-5.113843E+0
4.734103340E+6	-1.377040E+0	7.499044E-1	-5.124547E+0
4.734103440E+6	-1.368606E+0	7.502288E-1	-5.129413E+0
4.734103538E+6	-1.367957E+0	7.499044E-1	-5.130062E+0
4.734103638E+6	-1.376391E+0	7.495800E-1	-5.124872E+0
4.734103739E+6	-1.370876E+0	7.489313E-1	-5.115140E+0
4.734103839E+6	-1.370552E+0	7.486069E-1	-5.100868E+0
4.734103939E+6	-1.376391E+0	7.489313E-1	-5.080757E+0
4.734104040E+6	-1.360496E+0	7.486069E-1	-5.055455E+0
4.734104139E+6	-1.357901E+0	7.489313E-1	-5.025613E+0
4.734104239E+6	-1.363416E+0	7.495800E-1	-4.990905E+0
4.734104339E+6	-1.365362E+0	7.492556E-1	-4.951007E+0
4.734104439E+6	-1.363416E+0	7.495800E-1	-4.906243E+0
4.734104540E+6	-1.378661E+0	7.499044E-1	-4.856614E+0
4.734104640E+6	-1.372174E+0	7.505532E-1	-4.802443E+0
4.734104740E+6	-1.360172E+0	7.505532E-1	-4.742434E+0
4.734104840E+6	-1.377040E+0	7.499044E-1	-4.679181E+0
4.734104939E+6	-1.373796E+0	7.502288E-1	-4.610738E+0
4.734105040E+6	-1.372498E+0	7.502288E-1	-4.537754E+0
4.734105139E+6	-1.367957E+0	7.505532E-1	-4.460228E+0
4.734105240E+6	-1.354982E+0	7.505532E-1	-4.378486E+0
4.734105339E+6	-1.363091E+0	7.512019E-1	-4.292202E+0
4.734105440E+6	-1.348819E+0	7.505532E-1	-4.202026E+0
4.734105539E+6	-1.356928E+0	7.505532E-1	-4.106660E+0
4.734105641E+6	-1.359199E+0	7.502288E-1	-4.009347E+0
4.734105738E+6	-1.358550E+0	7.499044E-1	-3.905872E+0
4.734105838E+6	-1.350765E+0	7.502288E-1	-3.799801E+0
4.734105939E+6	-1.347197E+0	7.495800E-1	-3.689838E+0
4.734106039E+6	-1.351089E+0	7.492556E-1	-3.575334E+0
4.734106140E+6	-1.353360E+0	7.495800E-1	-3.458234E+0
4.734106239E+6	-1.354658E+0	7.499044E-1	-3.336918E+0
4.734106338E+6	-1.355631E+0	7.495800E-1	-3.213007E+0
4.734106438E+6	-1.363416E+0	7.499044E-1	-3.086825E+0
4.734106538E+6	-1.359199E+0	7.495800E-1	-2.955777E+0
4.734106638E+6	-1.350441E+0	7.499044E-1	-2.822459E+0
4.734106739E+6	-1.366984E+0	7.499044E-1	-2.686221E+0
4.734106840E+6	-1.356604E+0	7.499044E-1	-2.547388E+0
4.734106939E+6	-1.354658E+0	7.492556E-1	-2.406285E+0
4.734107038E+6	-1.368930E+0	7.495800E-1	-2.262262E+0
4.734107140E+6	-1.363740E+0	7.502288E-1	-2.116942E+0
4.734107239E+6	-1.364064E+0	7.502288E-1	-1.968377E+0
4.734107339E+6	-1.369579E+0	7.502288E-1	-1.818516E+0
4.734107440E+6	-1.356928E+0	7.499044E-1	-1.666383E+0
4.734107539E+6	-1.357901E+0	7.499044E-1	-1.513278E+0
4.734107639E+6	-1.360172E+0	7.502288E-1	-1.357901E+0
4.734107739E+6	-1.354982E+0	7.499044E-1	-1.201876E+0
4.734107839E+6	-1.364713E+0	7.499044E-1	-1.043580E+0
4.734107939E+6	-1.366011E+0	7.492556E-1	-8.856087E-1
4.734108039E+6	-1.361469E+0	7.495800E-1	-7.256908E-1
4.734108140E+6	-1.363416E+0	7.502288E-1	-5.664216E-1
4.734108238E+6	-1.361469E+0	7.505532E-1	-4.055304E-1
4.734108339E+6	-1.358550E+0	7.499044E-1	-2.449635E-1
4.734108438E+6	-1.356279E+0	7.495800E-1	-8.439656E-2
4.734108538E+6	-1.361469E+0	7.495800E-1	7.649488E-2
4.734108639E+6	-1.364389E+0	7.502288E-1	2.373864E-1
4.734108739E+6	-1.360496E+0	7.502288E-1	3.986024E-1
4.734108839E+6	-1.360496E+0	7.499044E-1	5.594941E-1
4.734108939E+6	-1.354333E+0	7.499044E-1	7.197372E-1
4.734109039E+6	-1.352387E+0	7.492556E-1	8.796560E-1
4.734109139E+6	-1.355306E+0	7.495800E-1	1.037953E+0
4.734109240E+6	-1.368606E+0	7.492556E-1	1.194952E+0
4.734109339E+6	-1.367957E+0	7.489313E-1	1.350979E+0
4.734109439E+6	-1.366011E+0	7.486069E-1	1.506681E+0
4.734109539E+6	-1.366984E+0	7.486069E-1	1.658491E+0
4.734109639E+6	-1.364064E+0	7.489313E-1	1.811274E+0
4.734109740E+6	-1.366011E+0	7.502288E-1	1.961462E+0
4.734109839E+6	-1.375742E+0	7.502288E-1	2.109055E+0
4.734109938E+6	-1.370552E+0	7.502288E-1	2.255351E+0
4.734110039E+6	-1.363740E+0	7.499044E-1	2.399052E+0
4.734110138E+6	-1.364713E+0	7.502288E-1	2.540482E+0
4.734110239E+6	-1.359523E+0	7.508775E-1	2.678344E+0
4.734110339E+6	-1.351089E+0	7.502288E-1	2.814909E+0
4.734110439E+6	-1.373471E+0	7.499044E-1	2.947256E+0
4.734110538E+6	-1.350116E+0	7.495800E-1	3.078307E+0
4.734110639E+6	-1.348170E+0	7.502288E-1	3.206113E+0
4.734110739E+6	-1.348494E+0	7.495800E-1	3.330352E+0
4.734110839E+6	-1.360172E+0	7.495800E-1	3.451022E+0
4.734110939E+6	-1.358550E+0	7.499044E-1	3.568773E+0
4.734111039E+6	-1.368281E+0	7.495800E-1	3.683605E+0
4.734111139E+6	-1.365038E+0	7.495800E-1	3.794219E+0
4.734111238E+6	-1.361794E+0	7.499044E-1	3.900293E+0
4.734111340E+6	-1.368606E+0	7.499044E-1	4.003122E+0
4.734111439E+6	-1.378013E+0	7.499044E-1	4.102060E+0
4.734111539E+6	-1.365362E+0	7.502288E-1	4.196780E+0
4.734111638E+6	-1.365686E+0	7.502288E-1	4.287283E+0
4.734111740E+6	-1.366659E+0	7.499044E-1	4.374542E+0
4.734111840E+6	-1.357577E+0	7.502288E-1	4.456287E+0
4.734111938E+6	-1.365686E+0	7.495800E-1	4.534139E+0
4.734112040E+6	-1.373471E+0	7.499044E-1	4.607775E+0
4.734112140E+6	-1.361794E+0	7.499044E-1	4.676544E+0
4.734112239E+6	-1.365686E+0	7.492556E-1	4.741097E+0
4.734112338E+6	-1.369579E+0	7.489313E-1	4.800135E+0
4.734112438E+6	-1.360172E+0	7.495800E-1	4.854632E+0
4.734112538E+6	-1.365686E+0	7.502288E-1	4.903938E+0
4.734112639E+6	-1.363740E+0	7.499044E-1	4.949677E+0
4.734112739E+6	-1.354009E+0	7.502288E-1	4.991522E+0
4.734112838E+6	-1.354009E+0	7.505532E-1	5.027205E+0
4.734112939E+6	-1.361469E+0	7.502288E-1	5.057373E+0
4.734113039E+6	-1.355306E+0	7.502288E-1	5.082350E+0
4.734113140E+6	-1.358226E+0	7.502288E-1	5.102462E+0
4.734113238E+6	-1.362118E+0	7.499044E-1	5.118357E+0
4.734113339E+6	-1.353036E+0	7.495800E-1	5.128089E+0
4.734113439E+6	-1.347521E+0	7.492556E-1	5.133603E+0
4.734113539E+6	-1.355306E+0	7.499044E-1	5.133603E+0
4.734113638E+6	-1.355306E+0	7.502288E-1	5.129386E+0
4.734113739E+6	-1.351414E+0	7.499044E-1	5.119655E+0
4.734113839E+6	-1.353360E+0	7.499044E-1	5.104409E+0
4.734113940E+6	-1.354982E+0	7.499044E-1	5.084621E+0
4.734114039E+6	-1.349468E+0	7.499044E-1	5.059643E+0
4.734114138E+6	-1.349143E+0	7.499044E-1	5.030773E+0
4.734114239E+6	-1.355955E+0	7.495800E-1	4.995739E+0
4.734114338E+6	-1.355306E+0	7.499044E-1	4.956164E+0
4.734114439E+6	-1.351414E+0	7.499044E-1	4.911399E+0
4.734114539E+6	-1.354658E+0	7.499044E-1	4.861768E+0
4.734114639E+6	-1.356604E+0	7.505532E-1	4.806947E+0
4.734114739E+6	-1.355306E+0	7.502288E-1	4.747260E+0
4.734114839E+6	-1.352387E+0	7.508775E-1	4.684330E+0
4.734114939E+6	-1.363091E+0	7.502288E-1	4.615884E+0
4.734115038E+6	-1.357901E+0	7.499044E-1	4.542573E+0
4.734115140E+6	-1.355955E+0	7.505532E-1	4.464721E+0
4.734115239E+6	-1.363416E+0	7.499044E-1	4.382652E+0
4.734115340E+6	-1.357577E+0	7.502288E-1	4.297014E+0
4.734115439E+6	-1.355306E+0	7.502288E-1	4.206187E+0
4.734115539E+6	-1.358550E+0	7.502288E-1	4.111791E+0
4.734115639E+6	-1.357577E+0	7.505532E-1	4.012854E+0
4.734115738E+6	-1.350116E+0	7.508775E-1	3.910349E+0
4.734115840E+6	-1.362443E+0	7.505532E-1	3.803627E+0
4.734115938E+6	-1.363416E+0	7.502288E-1	3.693661E+0
4.734116040E+6	-1.353360E+0	7.499044E-1	3.579478E+0
4.734116140E+6	-1.352387E+0	7.495800E-1	3.461402E+0
4.734116239E+6	-1.356604E+0	7.495800E-1	3.340732E+0
4.734116339E+6	-1.355631E+0	7.492556E-1	3.216494E+0
4.734116438E+6	-1.356604E+0	7.492556E-1	3.089985E+0
4.734116539E+6	-1.363091E+0	7.499044E-1	2.959259E+0
4.734116638E+6	-1.358226E+0	7.502288E-1	2.825289E+0
4.734116739E+6	-1.358550E+0	7.502288E-1	2.689373E+0
4.734116840E+6	-1.364064E+0	7.502288E-1	2.550213E+0
4.734116940E+6	-1.363416E+0	7.499044E-1	2.408134E+0
4.734117039E+6	-1.356279E+0	7.499044E-1	2.264434E+0
4.734117140E+6	-1.360496E+0	7.502288E-1	2.117489E+0
4.734117239E+6	-1.361794E+0	7.499044E-1	1.969896E+0
4.734117341E+6	-1.358550E+0	7.495800E-1	1.819708E+0
4.734117441E+6	-1.363091E+0	7.492556E-1	1.668222E+0
4.734117540E+6	-1.368281E+0	7.499044E-1	1.514142E+0
4.734117640E+6	-1.373471E+0	7.502288E-1	1.359737E+0
4.734117738E+6	-1.362767E+0	7.505532E-1	1.202413E+0
4.734117840E+6	-1.366984E+0	7.502288E-1	1.045738E+0
4.734117939E+6	-1.384176E+0	7.502288E-1	8.874410E-1
4.734118040E+6	-1.358874E+0	7.502288E-1	7.281710E-1
4.734118140E+6	-1.354982E+0	7.505532E-1	5.676036E-1
4.734118239E+6	-1.366335E+0	7.502288E-1	4.073606E-1
4.734118340E+6	-1.363740E+0	7.505532E-1	2.441984E-1
4.734118441E+6	-1.346872E+0	7.508775E-1	8.265806E-2
4.734118540E+6	-1.354982E+0	7.505532E-1	-7.888214E-2
4.734118643E+6	-1.364064E+0	7.502288E-1	-2.384760E-1
4.734118741E+6	-1.341358E+0	7.505532E-1	-3.967722E-1
4.734118839E+6	-1.360821E+0	7.502288E-1	-5.599341E-1
4.734118941E+6	-1.367633E+0	7.502288E-1	-7.195277E-1
4.734119041E+6	-1.345899E+0	7.499044E-1	-8.800943E-1
4.734119142E+6	-1.354982E+0	7.505532E-1	-1.034498E+0
4.734119240E+6	-1.370876E+0	7.499044E-1	-1.192145E+0
4.734119340E+6	-1.349792E+0	7.502288E-1	-1.347521E+0
4.734119440E+6	-1.355631E+0	7.499044E-1	-1.502573E+0
4.734119540E+6	-1.363091E+0	7.502288E-1	-1.656976E+0
4.734119640E+6	-1.343304E+0	7.505532E-1	-1.808460E+0
4.734119739E+6	-1.358550E+0	7.505532E-1	-1.957349E+0
4.734119838E+6	-1.366335E+0	7.502288E-1	-2.104615E+0
4.734119938E+6	-1.356928E+0	7.499044E-1	-2.250585E+0
4.734120039E+6	-1.357253E+0	7.505532E-1	-2.394283E+0
4.734120139E+6	-1.361145E+0	7.505532E-1	-2.536360E+0
4.734120239E+6	-1.356928E+0	7.512019E-1	-2.674868E+0
4.734120340E+6	-1.358226E+0	7.508775E-1	-2.810781E+0
4.734120439E+6	-1.363091E+0	7.505532E-1	-2.944424E+0
4.734120539E+6	-1.354982E+0	7.508775E-1	-3.073850E+0
4.734120638E+6	-1.355306E+0	7.508775E-1	-3.201978E+0
4.734120740E+6	-1.356928E+0	7.505532E-1	-3.325889E+0
4.734120840E+6	-1.358550E+0	7.502288E-1	-3.447530E+0
4.734120940E+6	-1.351089E+0	7.512019E-1	-3.564629E+0
4.734121039E+6	-1.351089E+0	7.505532E-1	-3.679134E+0
4.734121139E+6	-1.355631E+0	7.508775E-1	-3.789097E+0
4.734121240E+6	-1.352387E+0	7.502288E-1	-3.896141E+0
4.734121339E+6	-1.354658E+0	7.505532E-1	-3.998643E+0
4.734121439E+6	-1.359523E+0	7.505532E-1	-4.097253E+0
4.734121539E+6	-1.360821E+0	7.499044E-1	-4.192295E+0
4.734121640E+6	-1.360496E+0	7.499044E-1	-4.283120E+0
4.734121738E+6	-1.364064E+0	7.495800E-1	-4.369403E+0
4.734121838E+6	-1.368281E+0	7.495800E-1	-4.451794E+0
4.734121938E+6	-1.360496E+0	7.499044E-1	-4.529320E+0
4.734122040E+6	-1.372174E+0	7.492556E-1	-4.602629E+0
4.734122138E+6	-1.366011E+0	7.495800E-1	-4.671396E+0
4.734122238E+6	-1.361145E+0	7.499044E-1	-4.736271E+0
4.734122339E+6	-1.361469E+0	7.499044E-1	-4.795956E+0
4.734122439E+6	-1.359848E+0	7.495800E-1	-4.850451E+0
4.734122538E+6	-1.361469E+0	7.499044E-1	-4.900729E+0
4.734122640E+6	-1.362767E+0	7.495800E-1	-4.946141E+0
4.734122739E+6	-1.365686E+0	7.495800E-1	-4.986364E+0
4.734122838E+6	-1.362443E+0	7.499044E-1	-5.021721E+0
4.734122939E+6	-1.360821E+0	7.502288E-1	-5.052212E+0
4.734123040E+6	-1.360172E+0	7.499044E-1	-5.077837E+0
4.734123139E+6	-1.362443E+0	7.492556E-1	-5.098273E+0
4.734123239E+6	-1.362118E+0	7.492556E-1	-5.114167E+0
4.734123339E+6	-1.370228E+0	7.499044E-1	-5.124547E+0
4.734123440E+6	-1.366659E+0	7.499044E-1	-5.129413E+0
4.734123539E+6	-1.368281E+0	7.502288E-1	-5.129737E+0
4.734123639E+6	-1.376715E+0	7.505532E-1	-5.125196E+0
4.734123739E+6	-1.366984E+0	7.499044E-1	-5.115140E+0
4.734123839E+6	-1.362767E+0	7.502288E-1	-5.100544E+0
4.734123939E+6	-1.371525E+0	7.505532E-1	-5.081081E+0
4.734124039E+6	-1.365038E+0	7.502288E-1	-5.056104E+0
4.734124139E+6	-1.368930E+0	7.495800E-1	-5.025937E+0
4.734124239E+6	-1.364389E+0	7.505532E-1	-4.991229E+0
4.734124339E+6	-1.369254E+0	7.505532E-1	-4.951331E+0
4.734124438E+6	-1.372823E+0	7.502288E-1	-4.906243E+0
4.734124539E+6	-1.366335E+0	7.505532E-1	-4.857263E+0
4.734124639E+6	-1.362118E+0	7.502288E-1	-4.802443E+0
4.734124739E+6	-1.383851E+0	7.502288E-1	-4.743407E+0
4.734124839E+6	-1.367308E+0	7.499044E-1	-4.679505E+0
4.734124940E+6	-1.358550E+0	7.502288E-1	-4.611062E+0
4.734125039E+6	-1.375093E+0	7.502288E-1	-4.538078E+0
4.734125140E+6	-1.366011E+0	7.505532E-1	-4.460553E+0
4.734125239E+6	-1.360821E+0	7.505532E-1	-4.379135E+0
4.734125339E+6	-1.373471E+0	7.505532E-1	-4.292851E+0
4.734125439E+6	-1.369903E+0	7.499044E-1	-4.202350E+0
4.734125539E+6	-1.359199E+0	7.499044E-1	-4.107633E+0
4.734125639E+6	-1.369254E+0	7.502288E-1	-4.008699E+0
4.734125739E+6	-1.379310E+0	7.505532E-1	-3.906196E+0
4.734125839E+6	-1.360172E+0	7.505532E-1	-3.800126E+0
4.734125939E+6	-1.365038E+0	7.508775E-1	-3.689514E+0
