Time	Channel1	Channel2	Channel3
4.734126038E+6	-1.370552E+0	7.508775E-1	-3.575658E+0
4.734126139E+6	-1.364389E+0	7.508775E-1	-3.458883E+0
4.734126239E+6	-1.370228E+0	7.505532E-1	-3.337242E+0
4.734126338E+6	-1.374444E+0	7.502288E-1	-3.213980E+0
4.734126439E+6	-1.354658E+0	7.505532E-1	-3.086176E+0
4.734126538E+6	-1.367957E+0	7.502288E-1	-2.955128E+0
4.734126639E+6	-1.381905E+0	7.502288E-1	-2.822134E+0
4.734126739E+6	-1.339412E+0	7.502288E-1	-2.685897E+0
4.734126839E+6	-1.371201E+0	7.502288E-1	-2.547064E+0
4.734126939E+6	-1.372498E+0	7.502288E-1	-2.405636E+0
4.734127039E+6	-1.368606E+0	7.502288E-1	-2.262262E+0
4.734127139E+6	-1.379635E+0	7.499044E-1	-2.116293E+0
4.734127239E+6	-1.384825E+0	7.499044E-1	-1.967729E+0
4.734127339E+6	-1.375093E+0	7.495800E-1	-1.818516E+0
4.734127439E+6	-1.364389E+0	7.495800E-1	-1.665735E+0
4.734127539E+6	-1.373471E+0	7.502288E-1	-1.512629E+0
4.734127640E+6	-1.376066E+0	7.499044E-1	-1.357577E+0
4.734127738E+6	-1.376066E+0	7.499044E-1	-1.201876E+0
4.734127838E+6	-1.374769E+0	7.502288E-1	-1.043905E+0
4.734127939E+6	-1.382878E+0	7.492556E-1	-8.852843E-1
4.734128039E+6	-1.374769E+0	7.499044E-1	-7.256908E-1
4.734128139E+6	-1.391961E+0	7.499044E-1	-5.657729E-1
4.734128239E+6	-1.388068E+0	7.505532E-1	-4.052060E-1
4.734128339E+6	-1.373147E+0	7.499044E-1	-2.443148E-1
4.734128440E+6	-1.377040E+0	7.502288E-1	-8.374780E-2
4.734128538E+6	-1.388393E+0	7.495800E-1	7.681926E-2
4.734128638E+6	-1.379959E+0	7.499044E-1	2.383595E-1
4.734128738E+6	-1.373796E+0	7.502288E-1	3.986024E-1
4.734128839E+6	-1.383851E+0	7.499044E-1	5.591697E-1
4.734128941E+6	-1.377688E+0	7.495800E-1	7.190884E-1
4.734129039E+6	-1.363416E+0	7.495800E-1	8.825754E-1
4.734129140E+6	-1.377688E+0	7.489313E-1	1.036980E+0
4.734129238E+6	-1.389366E+0	7.495800E-1	1.194952E+0
4.734129339E+6	-1.375418E+0	7.495800E-1	1.350979E+0
4.734129439E+6	-1.379635E+0	7.492556E-1	1.505708E+0
4.734129539E+6	-1.387420E+0	7.492556E-1	1.658815E+0
4.734129638E+6	-1.385149E+0	7.495800E-1	1.810950E+0
4.734129738E+6	-1.374769E+0	7.495800E-1	1.960813E+0
4.734129848E+6	-1.400395E+0	7.502288E-1	2.108082E+0
4.734129937E+6	-1.388393E+0	7.495800E-1	2.254053E+0
4.734130039E+6	-1.358226E+0	7.499044E-1	2.397754E+0
4.734130139E+6	-1.346872E+0	7.499044E-1	2.539184E+0
4.734130240E+6	-1.308920E+0	7.499044E-1	2.678020E+0
4.734130341E+6	-1.355955E+0	7.499044E-1	2.814909E+0
4.734130439E+6	-1.398773E+0	7.492556E-1	2.948230E+0
4.734130538E+6	-1.378337E+0	7.486069E-1	3.078307E+0
4.734130638E+6	-1.374444E+0	7.486069E-1	3.205465E+0
4.734130739E+6	-1.393907E+0	7.495800E-1	3.330027E+0
4.734130838E+6	-1.380608E+0	7.492556E-1	3.450698E+0
4.734130939E+6	-1.367633E+0	7.492556E-1	3.568773E+0
4.734131038E+6	-1.397151E+0	7.489313E-1	3.683280E+0
4.734131139E+6	-1.413694E+0	7.486069E-1	3.793571E+0
4.734131238E+6	-1.383851E+0	7.486069E-1	3.900293E+0
4.734131339E+6	-1.385798E+0	7.489313E-1	4.003771E+0
4.734131439E+6	-1.407207E+0	7.486069E-1	4.102708E+0
4.734131539E+6	-1.357577E+0	7.479581E-1	4.197104E+0
4.734131639E+6	-1.335844E+0	7.482825E-1	4.288256E+0
4.734131739E+6	-1.390663E+0	7.479581E-1	4.374867E+0
4.734131838E+6	-1.380932E+0	7.482825E-1	4.456936E+0
4.734131940E+6	-1.339087E+0	7.479581E-1	4.535437E+0
4.734132039E+6	-1.340061E+0	7.479581E-1	4.608423E+0
4.734132139E+6	-1.413370E+0	7.482825E-1	4.676869E+0
4.734132239E+6	-1.354333E+0	7.489313E-1	4.741421E+0
4.734132338E+6	-1.349143E+0	7.492556E-1	4.801433E+0
4.734132438E+6	-1.383527E+0	7.495800E-1	4.855929E+0
4.734132540E+6	-1.334871E+0	7.495800E-1	4.905560E+0
4.734132638E+6	-1.328383E+0	7.499044E-1	4.951299E+0
4.734132738E+6	-1.365362E+0	7.508775E-1	4.991847E+0
4.734132839E+6	-1.352387E+0	7.502288E-1	5.026556E+0
4.734132940E+6	-1.337790E+0	7.502288E-1	5.056724E+0
4.734133039E+6	-1.397475E+0	7.505532E-1	5.082026E+0
4.734133137E+6	-1.378661E+0	7.505532E-1	5.102462E+0
4.734133240E+6	-1.354982E+0	7.502288E-1	5.118033E+0
4.734133340E+6	-1.376066E+0	7.505532E-1	5.128413E+0
4.734133437E+6	-1.351414E+0	7.512019E-1	5.133928E+0
4.734133540E+6	-1.332600E+0	7.502288E-1	5.134252E+0
4.734133639E+6	-1.379635E+0	7.502288E-1	5.129386E+0
4.734133740E+6	-1.371201E+0	7.502288E-1	5.119655E+0
4.734133838E+6	-1.354333E+0	7.499044E-1	5.105382E+0
4.734133940E+6	-1.379635E+0	7.499044E-1	5.085594E+0
4.734134039E+6	-1.359848E+0	7.502288E-1	5.059968E+0
4.734134139E+6	-1.340385E+0	7.505532E-1	5.030449E+0
4.734134239E+6	-1.363740E+0	7.505532E-1	4.995091E+0
4.734134339E+6	-1.366984E+0	7.505532E-1	4.954867E+0
4.734134439E+6	-1.349792E+0	7.505532E-1	4.910750E+0
4.734134538E+6	-1.363416E+0	7.502288E-1	4.860795E+0
4.734134640E+6	-1.365038E+0	7.499044E-1	4.807272E+0
4.734134739E+6	-1.339087E+0	7.499044E-1	4.747260E+0
4.734134839E+6	-1.360821E+0	7.499044E-1	4.684330E+0
4.734134938E+6	-1.359199E+0	7.499044E-1	4.615560E+0
4.734135039E+6	-1.346872E+0	7.489313E-1	4.542249E+0
4.734135138E+6	-1.353684E+0	7.492556E-1	4.465045E+0
4.734135238E+6	-1.347521E+0	7.492556E-1	4.382327E+0
4.734135339E+6	-1.337141E+0	7.492556E-1	4.296690E+0
4.734135440E+6	-1.354009E+0	7.492556E-1	4.206511E+0
4.734135538E+6	-1.338439E+0	7.492556E-1	4.111467E+0
4.734135639E+6	-1.364713E+0	7.492556E-1	4.013178E+0
4.734135739E+6	-1.380283E+0	7.495800E-1	3.909700E+0
4.734135839E+6	-1.390663E+0	7.492556E-1	3.803302E+0
4.734135939E+6	-1.387095E+0	7.495800E-1	3.692039E+0
4.734136039E+6	-1.384176E+0	7.495800E-1	3.578829E+0
4.734136138E+6	-1.383851E+0	7.492556E-1	3.460754E+0
4.734136240E+6	-1.365362E+0	7.492556E-1	3.340732E+0
4.734136340E+6	-1.356604E+0	7.502288E-1	3.216494E+0
4.734136441E+6	-1.366335E+0	7.495800E-1	3.088687E+0
4.734136539E+6	-1.348819E+0	7.499044E-1	2.958285E+0
4.734136640E+6	-1.336168E+0	7.499044E-1	2.824965E+0
4.734136738E+6	-1.356928E+0	7.502288E-1	2.688724E+0
4.734136839E+6	-1.348819E+0	7.499044E-1	2.549240E+0
4.734136939E+6	-1.343953E+0	7.499044E-1	2.407486E+0
4.734137039E+6	-1.353360E+0	7.499044E-1	2.263461E+0
4.734137140E+6	-1.351738E+0	7.492556E-1	2.117489E+0
4.734137239E+6	-1.333249E+0	7.492556E-1	1.969896E+0
4.734137340E+6	-1.340709E+0	7.489313E-1	1.820681E+0
4.734137437E+6	-1.346224E+0	7.502288E-1	1.667249E+0
4.734137539E+6	-1.340385E+0	7.502288E-1	1.514142E+0
4.734137639E+6	-1.374120E+0	7.508775E-1	1.359413E+0
4.734137741E+6	-1.404287E+0	7.502288E-1	1.203062E+0
4.734137838E+6	-1.360172E+0	7.505532E-1	1.046062E+0
4.734137940E+6	-1.365686E+0	7.495800E-1	8.877654E-1
4.734138038E+6	-1.380283E+0	7.489313E-1	7.284954E-1
4.734138139E+6	-1.368930E+0	7.482825E-1	5.682523E-1
4.734138240E+6	-1.393583E+0	7.486069E-1	4.076850E-1
4.734138339E+6	-1.391636E+0	7.489313E-1	2.471178E-1
4.734138438E+6	-1.374444E+0	7.492556E-1	8.655060E-2
4.734138539E+6	-1.366335E+0	7.492556E-1	-7.434085E-2
4.734138639E+6	-1.366984E+0	7.499044E-1	-2.355566E-1
4.734138740E+6	-1.370228E+0	7.495800E-1	-3.961235E-1
4.734138839E+6	-1.367308E+0	7.499044E-1	-5.566903E-1
4.734138940E+6	-1.364064E+0	7.489313E-1	-7.162839E-1
4.734139040E+6	-1.367957E+0	7.492556E-1	-8.755530E-1
4.734139139E+6	-1.362118E+0	7.499044E-1	-1.034173E+0
4.734139239E+6	-1.358874E+0	7.495800E-1	-1.191820E+0
4.734139339E+6	-1.368281E+0	7.489313E-1	-1.347521E+0
4.734139439E+6	-1.361145E+0	7.495800E-1	-1.502573E+0
4.734139538E+6	-1.356928E+0	7.492556E-1	-1.656003E+0
4.734139639E+6	-1.364713E+0	7.502288E-1	-1.807487E+0
4.734139738E+6	-1.362767E+0	7.505532E-1	-1.957349E+0
4.734139838E+6	-1.354982E+0	7.505532E-1	-2.105264E+0
4.734139938E+6	-1.365362E+0	7.502288E-1	-2.250909E+0
4.734140038E+6	-1.364064E+0	7.502288E-1	-2.394607E+0
4.734140139E+6	-1.360172E+0	7.502288E-1	-2.535386E+0
4.734140238E+6	-1.365686E+0	7.508775E-1	-2.675192E+0
4.734140339E+6	-1.365686E+0	7.505532E-1	-2.810781E+0
4.734140439E+6	-1.363740E+0	7.502288E-1	-2.944424E+0
4.734140538E+6	-1.369903E+0	7.499044E-1	-3.074823E+0
4.734140639E+6	-1.371849E+0	7.505532E-1	-3.201978E+0
4.734140739E+6	-1.368281E+0	7.502288E-1	-3.326538E+0
4.734140840E+6	-1.371201E+0	7.502288E-1	-3.448179E+0
4.734140939E+6	-1.373147E+0	7.502288E-1	-3.565602E+0
4.734141039E+6	-1.369579E+0	7.499044E-1	-3.679782E+0
4.734141138E+6	-1.368930E+0	7.502288E-1	-3.790070E+0
4.734141239E+6	-1.371525E+0	7.499044E-1	-3.896141E+0
4.734141339E+6	-1.368606E+0	7.505532E-1	-3.998643E+0
4.734141438E+6	-1.370552E+0	7.505532E-1	-4.097577E+0
4.734141539E+6	-1.373471E+0	7.505532E-1	-4.192943E+0
4.734141639E+6	-1.369579E+0	7.502288E-1	-4.283444E+0
4.734141739E+6	-1.367633E+0	7.502288E-1	-4.370376E+0
4.734141839E+6	-1.372174E+0	7.502288E-1	-4.452119E+0
4.734141938E+6	-1.374769E+0	7.502288E-1	-4.529320E+0
4.734142038E+6	-1.372498E+0	7.499044E-1	-4.602953E+0
4.734142139E+6	-1.378986E+0	7.495800E-1	-4.671720E+0
4.734142240E+6	-1.389041E+0	7.495800E-1	-4.736595E+0
4.734142339E+6	-1.380932E+0	7.495800E-1	-4.796280E+0
4.734142438E+6	-1.367633E+0	7.505532E-1	-4.851424E+0
4.734142538E+6	-1.366011E+0	7.495800E-1	-4.901378E+0
4.734142640E+6	-1.368930E+0	7.492556E-1	-4.946466E+0
4.734142739E+6	-1.344277E+0	7.499044E-1	-4.986688E+0
4.734142839E+6	-1.372498E+0	7.492556E-1	-5.022045E+0
4.734142939E+6	-1.404936E+0	7.492556E-1	-5.052536E+0
4.734143039E+6	-1.342007E+0	7.492556E-1	-5.077837E+0
4.734143139E+6	-1.380283E+0	7.492556E-1	-5.098273E+0
4.734143241E+6	-1.335519E+0	7.495800E-1	-5.114167E+0
4.734143340E+6	-1.351738E+0	7.492556E-1	-5.124547E+0
4.734143438E+6	-1.400719E+0	7.499044E-1	-5.129413E+0
4.734143539E+6	-1.422452E+0	7.505532E-1	-5.129737E+0
4.734143640E+6	-1.419208E+0	7.512019E-1	-5.125196E+0
4.734143738E+6	-1.417911E+0	7.518507E-1	-5.115465E+0
4.734143838E+6	-1.424398E+0	7.512019E-1	-5.100544E+0
4.734143939E+6	-1.432508E+0	7.521751E-1	-5.080757E+0
4.734144040E+6	-1.422128E+0	7.515263E-1	-5.055131E+0
4.734144140E+6	-1.418884E+0	7.515263E-1	-5.025289E+0
4.734144241E+6	-1.423425E+0	7.515263E-1	-4.991229E+0
4.734144339E+6	-1.426669E+0	7.518507E-1	-4.951331E+0
4.734144438E+6	-1.426020E+0	7.518507E-1	-4.906568E+0
4.734144539E+6	-1.424723E+0	7.518507E-1	-4.856290E+0
4.734144639E+6	-1.424398E+0	7.518507E-1	-4.802119E+0
4.734144739E+6	-1.425047E+0	7.515263E-1	-4.743083E+0
4.734144839E+6	-1.424398E+0	7.515263E-1	-4.679181E+0
4.734144940E+6	-1.427642E+0	7.515263E-1	-4.611062E+0
4.734145038E+6	-1.430886E+0	7.512019E-1	-4.538078E+0
4.734145139E+6	-1.433157E+0	7.508775E-1	-4.459904E+0
4.734145241E+6	-1.432508E+0	7.515263E-1	-4.378486E+0
4.734145339E+6	-1.429913E+0	7.515263E-1	-4.291878E+0
4.734145438E+6	-1.427318E+0	7.515263E-1	-4.201377E+0
4.734145539E+6	-1.428940E+0	7.515263E-1	-4.106984E+0
4.734145639E+6	-1.431535E+0	7.518507E-1	-4.008050E+0
4.734145739E+6	-1.432832E+0	7.521751E-1	-3.905872E+0
4.734145839E+6	-1.434454E+0	7.524994E-1	-3.799477E+0
4.734145939E+6	-1.437049E+0	7.521751E-1	-3.689189E+0
4.734146039E+6	-1.438347E+0	7.531482E-1	-3.575334E+0
4.734146139E+6	-1.439644E+0	7.534726E-1	-3.457586E+0
4.734146239E+6	-1.439969E+0	7.534726E-1	-3.336918E+0
4.734146341E+6	-1.438995E+0	7.534726E-1	-3.213007E+0
4.734146438E+6	-1.438022E+0	7.524994E-1	-3.085852E+0
4.734146539E+6	-1.435427E+0	7.528238E-1	-2.955128E+0
4.734146640E+6	-1.431859E+0	7.524994E-1	-2.821810E+0
4.734146739E+6	-1.430562E+0	7.524994E-1	-2.685572E+0
4.734146839E+6	-1.428940E+0	7.524994E-1	-2.545442E+0
4.734146939E+6	-1.427318E+0	7.528238E-1	-2.404339E+0
4.734147039E+6	-1.427967E+0	7.531482E-1	-2.260316E+0
4.734147140E+6	-1.428615E+0	7.534726E-1	-2.114995E+0
4.734147240E+6	-1.428615E+0	7.534726E-1	-1.966431E+0
4.734147340E+6	-1.429264E+0	7.534726E-1	-1.816894E+0
4.734147438E+6	-1.427318E+0	7.534726E-1	-1.664761E+0
4.734147539E+6	-1.426669E+0	7.531482E-1	-1.511007E+0
4.734147639E+6	-1.426993E+0	7.531482E-1	-1.355631E+0
4.734147740E+6	-1.429264E+0	7.534726E-1	-1.199606E+0
4.734147838E+6	-1.430886E+0	7.531482E-1	-1.041958E+0
4.734147939E+6	-1.431859E+0	7.531482E-1	-8.846356E-1
4.734148039E+6	-1.428615E+0	7.528238E-1	-7.237446E-1
4.734148140E+6	-1.427318E+0	7.528238E-1	-5.641510E-1
4.734148240E+6	-1.426345E+0	7.524994E-1	-4.042329E-1
4.734148338E+6	-1.424723E+0	7.521751E-1	-2.426929E-1
4.734148439E+6	-1.426020E+0	7.528238E-1	-8.212592E-2
4.734148538E+6	-1.424723E+0	7.524994E-1	7.973866E-2
4.734148645E+6	-1.424723E+0	7.521751E-1	2.390083E-1
4.734148740E+6	-1.425047E+0	7.524994E-1	3.989268E-1
4.734148839E+6	-1.425696E+0	7.524994E-1	5.594941E-1
4.734148939E+6	-1.423750E+0	7.521751E-1	7.197372E-1
4.734149039E+6	-1.422777E+0	7.528238E-1	8.786828E-1
4.734149139E+6	-1.423750E+0	7.524994E-1	1.037304E+0
4.734149238E+6	-1.423750E+0	7.531482E-1	1.194952E+0
4.734149338E+6	-1.424074E+0	7.531482E-1	1.351303E+0
4.734149439E+6	-1.423425E+0	7.537969E-1	1.506032E+0
4.734149540E+6	-1.423101E+0	7.534726E-1	1.659140E+0
4.734149639E+6	-1.422777E+0	7.534726E-1	1.811274E+0
4.734149739E+6	-1.420182E+0	7.534726E-1	1.961138E+0
4.734149839E+6	-1.418884E+0	7.534726E-1	2.110028E+0
4.734149939E+6	-1.420182E+0	7.534726E-1	2.256000E+0
4.734150039E+6	-1.421155E+0	7.531482E-1	2.399376E+0
4.734150138E+6	-1.420182E+0	7.534726E-1	2.540806E+0
4.734150239E+6	-1.419857E+0	7.534726E-1	2.679317E+0
4.734150338E+6	-1.418884E+0	7.531482E-1	2.815882E+0
4.734150439E+6	-1.418560E+0	7.524994E-1	2.948878E+0
4.734150539E+6	-1.417587E+0	7.524994E-1	3.079280E+0
4.734150640E+6	-1.417262E+0	7.528238E-1	3.207087E+0
4.734150738E+6	-1.418560E+0	7.531482E-1	3.331649E+0
4.734150839E+6	-1.416938E+0	7.531482E-1	3.452320E+0
4.734150939E+6	-1.414992E+0	7.534726E-1	3.569746E+0
4.734151039E+6	-1.412397E+0	7.524994E-1	3.684578E+0
4.734151139E+6	-1.412072E+0	7.528238E-1	3.794868E+0
4.734151239E+6	-1.411423E+0	7.534726E-1	3.901266E+0
4.734151339E+6	-1.413045E+0	7.531482E-1	4.004744E+0
4.734151439E+6	-1.414992E+0	7.534726E-1	4.104330E+0
4.734151541E+6	-1.415640E+0	7.537969E-1	4.198402E+0
4.734151639E+6	-1.415640E+0	7.537969E-1	4.288256E+0
4.734151739E+6	-1.415640E+0	7.541213E-1	4.374542E+0
4.734151838E+6	-1.417587E+0	7.541213E-1	4.457260E+0
4.734151939E+6	-1.416613E+0	7.537969E-1	4.535437E+0
4.734152039E+6	-1.414018E+0	7.534726E-1	4.609397E+0
4.734152139E+6	-1.412721E+0	7.534726E-1	4.677842E+0
4.734152240E+6	-1.413694E+0	7.537969E-1	4.742070E+0
4.734152338E+6	-1.414343E+0	7.537969E-1	4.801757E+0
4.734152439E+6	-1.413694E+0	7.537969E-1	4.855929E+0
4.734152539E+6	-1.414667E+0	7.534726E-1	4.906209E+0
4.734152640E+6	-1.412397E+0	7.537969E-1	4.950650E+0
4.734152739E+6	-1.412721E+0	7.534726E-1	4.990874E+0
4.734152840E+6	-1.410775E+0	7.541213E-1	5.026556E+0
4.734152939E+6	-1.412397E+0	7.541213E-1	5.057697E+0
4.734153038E+6	-1.413370E+0	7.541213E-1	5.082999E+0
4.734153140E+6	-1.415640E+0	7.534726E-1	5.103760E+0
4.734153240E+6	-1.414992E+0	7.534726E-1	5.119979E+0
4.734153339E+6	-1.413045E+0	7.537969E-1	5.130035E+0
4.734153439E+6	-1.412397E+0	7.531482E-1	5.134252E+0
4.734153539E+6	-1.412397E+0	7.534726E-1	5.134577E+0
4.734153639E+6	-1.412721E+0	7.534726E-1	5.130035E+0
4.734153740E+6	-1.412397E+0	7.534726E-1	5.119655E+0
4.734153838E+6	-1.411099E+0	7.534726E-1	5.104733E+0
4.734153940E+6	-1.410126E+0	7.534726E-1	5.084945E+0
4.734154039E+6	-1.410126E+0	7.531482E-1	5.060292E+0
4.734154140E+6	-1.411748E+0	7.534726E-1	5.030124E+0
4.734154238E+6	-1.412397E+0	7.528238E-1	4.995415E+0
4.734154339E+6	-1.411748E+0	7.534726E-1	4.955191E+0
4.734154440E+6	-1.409802E+0	7.528238E-1	4.910750E+0
4.734154540E+6	-1.411099E+0	7.524994E-1	4.860795E+0
4.734154640E+6	-1.410775E+0	7.528238E-1	4.806298E+0
4.734154738E+6	-1.408504E+0	7.524994E-1	4.747260E+0
4.734154838E+6	-1.407207E+0	7.524994E-1	4.683356E+0
4.734154939E+6	-1.407855E+0	7.524994E-1	4.615560E+0
4.734155039E+6	-1.411099E+0	7.524994E-1	4.542898E+0
4.734155140E+6	-1.410450E+0	7.524994E-1	4.465045E+0
4.734155239E+6	-1.411099E+0	7.521751E-1	4.382976E+0
4.734155340E+6	-1.409477E+0	7.521751E-1	4.296690E+0
4.734155439E+6	-1.407531E+0	7.524994E-1	4.205538E+0
4.734155539E+6	-1.407855E+0	7.531482E-1	4.110818E+0
4.734155639E+6	-1.409153E+0	7.531482E-1	4.012530E+0
4.734155739E+6	-1.411423E+0	7.531482E-1	3.909700E+0
4.734155838E+6	-1.412397E+0	7.528238E-1	3.803302E+0
4.734155939E+6	-1.412397E+0	7.528238E-1	3.693336E+0
4.734156039E+6	-1.411423E+0	7.531482E-1	3.579153E+0
4.734156139E+6	-1.410450E+0	7.531482E-1	3.461078E+0
4.734156239E+6	-1.411423E+0	7.531482E-1	3.340408E+0
4.734156339E+6	-1.411423E+0	7.531482E-1	3.216169E+0
4.734156439E+6	-1.411748E+0	7.531482E-1	3.088363E+0
4.734156539E+6	-1.412072E+0	7.531482E-1	2.957637E+0
4.734156640E+6	-1.411423E+0	7.524994E-1	2.825289E+0
4.734156739E+6	-1.410775E+0	7.521751E-1	2.689049E+0
4.734156839E+6	-1.412072E+0	7.524994E-1	2.549889E+0
4.734156939E+6	-1.413694E+0	7.524994E-1	2.408459E+0
4.734157040E+6	-1.413045E+0	7.528238E-1	2.263136E+0
4.734157140E+6	-1.411748E+0	7.518507E-1	2.118462E+0
4.734157239E+6	-1.409153E+0	7.521751E-1	1.970869E+0
4.734157339E+6	-1.408504E+0	7.518507E-1	1.821330E+0
4.734157439E+6	-1.410450E+0	7.521751E-1	1.668547E+0
4.734157539E+6	-1.410450E+0	7.518507E-1	1.515115E+0
4.734157639E+6	-1.408828E+0	7.515263E-1	1.360386E+0
4.734157739E+6	-1.408504E+0	7.508775E-1	1.203711E+0
4.734157838E+6	-1.409477E+0	7.508775E-1	1.046387E+0
4.734157939E+6	-1.406882E+0	7.502288E-1	8.874410E-1
4.734158038E+6	-1.407207E+0	7.508775E-1	7.281710E-1
4.734158139E+6	-1.407855E+0	7.505532E-1	5.676036E-1
4.734158238E+6	-1.407207E+0	7.512019E-1	4.076850E-1
4.734158339E+6	-1.405585E+0	7.515263E-1	2.461446E-1
4.734158439E+6	-1.405585E+0	7.515263E-1	8.622622E-2
4.734158538E+6	-1.406558E+0	7.518507E-1	-7.401647E-2
4.734158640E+6	-1.408828E+0	7.518507E-1	-2.352322E-1
4.734158739E+6	-1.413694E+0	7.521751E-1	-3.961235E-1
4.734158838E+6	-1.414992E+0	7.521751E-1	-5.566903E-1
4.734158938E+6	-1.412721E+0	7.524994E-1	-7.159595E-1
4.734159039E+6	-1.412721E+0	7.528238E-1	-8.758774E-1
4.734159138E+6	-1.393258E+0	7.524994E-1	-1.034173E+0
4.734159239E+6	-1.401368E+0	7.521751E-1	-1.191820E+0
4.734159339E+6	-1.410775E+0	7.524994E-1	-1.347521E+0
4.734159439E+6	-1.400395E+0	7.518507E-1	-1.503871E+0
4.734159540E+6	-1.400395E+0	7.524994E-1	-1.657301E+0
4.734159640E+6	-1.414343E+0	7.521751E-1	-1.808784E+0
4.734159739E+6	-1.415965E+0	7.528238E-1	-1.958646E+0
4.734159840E+6	-1.415965E+0	7.528238E-1	-2.106562E+0
4.734159938E+6	-1.416613E+0	7.531482E-1	-2.252531E+0
4.734160039E+6	-1.417587E+0	7.528238E-1	-2.395905E+0
4.734160138E+6	-1.416613E+0	7.534726E-1	-2.537008E+0
4.734160239E+6	-1.414343E+0	7.537969E-1	-2.675841E+0
4.734160339E+6	-1.414018E+0	7.541213E-1	-2.812403E+0
4.734160439E+6	-1.418884E+0	7.541213E-1	-2.945397E+0
4.734160539E+6	-1.419208E+0	7.541213E-1	-3.075796E+0
4.734160639E+6	-1.417587E+0	7.531482E-1	-3.203600E+0
4.734160739E+6	-1.416613E+0	7.541213E-1	-3.327836E+0
4.734160841E+6	-1.418235E+0	7.541213E-1	-3.448503E+0
4.734160940E+6	-1.417911E+0	7.537969E-1	-3.565278E+0
4.734161039E+6	-1.416613E+0	7.534726E-1	-3.679458E+0
4.734161139E+6	-1.416613E+0	7.537969E-1	-3.790070E+0
4.734161239E+6	-1.418884E+0	7.541213E-1	-3.896789E+0
4.734161339E+6	-1.417262E+0	7.537969E-1	-3.999940E+0
4.734161441E+6	-1.417262E+0	7.541213E-1	-4.098226E+0
4.734161540E+6	-1.416938E+0	7.537969E-1	-4.192943E+0
4.734161639E+6	-1.418235E+0	7.537969E-1	-4.283444E+0
4.734161739E+6	-1.418560E+0	7.534726E-1	-4.370052E+0
4.734161841E+6	-1.416613E+0	7.528238E-1	-4.452768E+0
4.734161941E+6	-1.413694E+0	7.531482E-1	-4.529969E+0
4.734162039E+6	-1.414992E+0	7.531482E-1	-4.603277E+0
4.734162139E+6	-1.419208E+0	7.537969E-1	-4.672369E+0
4.734162239E+6	-1.420182E+0	7.531482E-1	-4.736920E+0
4.734162339E+6	-1.418235E+0	7.537969E-1	-4.796605E+0
4.734162440E+6	-1.417587E+0	7.534726E-1	-4.851100E+0
4.734162539E+6	-1.416938E+0	7.534726E-1	-4.901702E+0
4.734162639E+6	-1.417911E+0	7.537969E-1	-4.946466E+0
4.734162740E+6	-1.418884E+0	7.537969E-1	-4.987012E+0
4.734162840E+6	-1.417587E+0	7.541213E-1	-5.022045E+0
4.734162939E+6	-1.415640E+0	7.537969E-1	-5.052212E+0
4.734163040E+6	-1.415965E+0	7.537969E-1	-5.077837E+0
4.734163138E+6	-1.416289E+0	7.537969E-1	-5.097949E+0
4.734163238E+6	-1.417911E+0	7.537969E-1	-5.114167E+0
4.734163339E+6	-1.416289E+0	7.541213E-1	-5.124547E+0
4.734163439E+6	-1.415640E+0	7.537969E-1	-5.129737E+0
4.734163538E+6	-1.414018E+0	7.534726E-1	-5.130062E+0
4.734163639E+6	-1.413045E+0	7.534726E-1	-5.125520E+0
4.734163739E+6	-1.412072E+0	7.528238E-1	-5.115465E+0
4.734163840E+6	-1.413694E+0	7.528238E-1	-5.100219E+0
4.734163938E+6	-1.413045E+0	7.531482E-1	-5.080432E+0
4.734164038E+6	-1.413370E+0	7.534726E-1	-5.055131E+0
4.734164138E+6	-1.410450E+0	7.534726E-1	-5.025289E+0
4.734164240E+6	-1.412397E+0	7.537969E-1	-4.990581E+0
4.734164339E+6	-1.413045E+0	7.534726E-1	-4.951331E+0
4.734164439E+6	-1.413694E+0	7.534726E-1	-4.906243E+0
4.734164538E+6	-1.411748E+0	7.534726E-1	-4.856614E+0
4.734164639E+6	-1.410775E+0	7.534726E-1	-4.801470E+0
4.734164738E+6	-1.409477E+0	7.537969E-1	-4.742758E+0
4.734164840E+6	-1.409802E+0	7.534726E-1	-4.678857E+0
4.734164939E+6	-1.410126E+0	7.534726E-1	-4.610414E+0
4.734165039E+6	-1.411423E+0	7.537969E-1	-4.537105E+0
4.734165138E+6	-1.412072E+0	7.534726E-1	-4.459904E+0
4.734165238E+6	-1.411423E+0	7.541213E-1	-4.377837E+0
4.734165338E+6	-1.409802E+0	7.537969E-1	-4.291553E+0
4.734165439E+6	-1.409477E+0	7.537969E-1	-4.201702E+0
4.734165539E+6	-1.410450E+0	7.534726E-1	-4.106984E+0
4.734165639E+6	-1.411099E+0	7.531482E-1	-4.008050E+0
4.734165738E+6	-1.413045E+0	7.531482E-1	-3.905547E+0
4.734165838E+6	-1.412397E+0	7.531482E-1	-3.798828E+0
4.734165939E+6	-1.412397E+0	7.528238E-1	-3.688216E+0
4.734166039E+6	-1.412072E+0	7.534726E-1	-3.574685E+0
4.734166138E+6	-1.411423E+0	7.534726E-1	-3.457261E+0
4.734166239E+6	-1.412397E+0	7.534726E-1	-3.336594E+0
4.734166339E+6	-1.412721E+0	7.534726E-1	-3.212358E+0
4.734166439E+6	-1.413045E+0	7.531482E-1	-3.085203E+0
4.734166540E+6	-1.412072E+0	7.534726E-1	-2.954480E+0
4.734166638E+6	-1.412072E+0	7.531482E-1	-2.820837E+0
4.734166739E+6	-1.411099E+0	7.534726E-1	-2.684599E+0
4.734166839E+6	-1.410775E+0	7.528238E-1	-2.545442E+0
4.734166939E+6	-1.411748E+0	7.528238E-1	-2.404014E+0
4.734167040E+6	-1.410450E+0	7.531482E-1	-2.260316E+0
4.734167138E+6	-1.409477E+0	7.531482E-1	-2.114671E+0
4.734167239E+6	-1.409153E+0	7.528238E-1	-1.966431E+0
4.734167338E+6	-1.408180E+0	7.521751E-1	-1.816569E+0
4.734167440E+6	-1.409477E+0	7.518507E-1	-1.664437E+0
4.734167538E+6	-1.408828E+0	7.515263E-1	-1.511007E+0
4.734167639E+6	-1.408504E+0	7.518507E-1	-1.355631E+0
4.734167741E+6	-1.407855E+0	7.518507E-1	-1.199606E+0
4.734167839E+6	-1.406558E+0	7.518507E-1	-1.041958E+0
4.734167940E+6	-1.405260E+0	7.515263E-1	-8.836625E-1
4.734168038E+6	-1.404612E+0	7.512019E-1	-7.240689E-1
4.734168139E+6	-1.404287E+0	7.512019E-1	-5.647997E-1
4.734168239E+6	-1.405909E+0	7.518507E-1	-4.042329E-1
4.734168338E+6	-1.404612E+0	7.521751E-1	-2.433416E-1
4.734168438E+6	-1.405585E+0	7.515263E-1	-8.245029E-2
4.734168540E+6	-1.404612E+0	7.518507E-1	7.779239E-2
4.734168639E+6	-1.403638E+0	7.528238E-1	2.390083E-1
4.734168739E+6	-1.403963E+0	7.515263E-1	3.998999E-1
4.734168840E+6	-1.403963E+0	7.521751E-1	5.604673E-1
4.734168938E+6	-1.405909E+0	7.524994E-1	7.197372E-1
4.734169040E+6	-1.407207E+0	7.518507E-1	8.793316E-1
4.734169139E+6	-1.407531E+0	7.524994E-1	1.037953E+0
4.734169239E+6	-1.406882E+0	7.524994E-1	1.195277E+0
4.734169339E+6	-1.405585E+0	7.531482E-1	1.351952E+0
4.734169439E+6	-1.405260E+0	7.531482E-1	1.506681E+0
4.734169538E+6	-1.400395E+0	7.531482E-1	1.658815E+0
4.734169639E+6	-1.401043E+0	7.531482E-1	1.811274E+0
4.734169738E+6	-1.401368E+0	7.531482E-1	1.960813E+0
4.734169839E+6	-1.402341E+0	7.528238E-1	2.108082E+0
4.734169939E+6	-1.403314E+0	7.534726E-1	2.255027E+0
4.734170039E+6	-1.402017E+0	7.531482E-1	2.399376E+0
4.734170139E+6	-1.400719E+0	7.537969E-1	2.541131E+0
4.734170239E+6	-1.400395E+0	7.528238E-1	2.679317E+0
4.734170339E+6	-1.402017E+0	7.528238E-1	2.815557E+0
4.734170438E+6	-1.404612E+0	7.528238E-1	2.948554E+0
4.734170540E+6	-1.404287E+0	7.524994E-1	3.079280E+0
4.734170639E+6	-1.404612E+0	7.524994E-1	3.207411E+0
4.734170740E+6	-1.404287E+0	7.528238E-1	3.331001E+0
4.734170838E+6	-1.403638E+0	7.528238E-1	3.451671E+0
4.734170940E+6	-1.402990E+0	7.531482E-1	3.569422E+0
4.734171040E+6	-1.401043E+0	7.528238E-1	3.683605E+0
4.734171139E+6	-1.401368E+0	7.528238E-1	3.794219E+0
4.734171240E+6	-1.402665E+0	7.521751E-1	3.900942E+0
4.734171339E+6	-1.403638E+0	7.518507E-1	4.003771E+0
4.734171439E+6	-1.405585E+0	7.512019E-1	4.102384E+0
4.734171539E+6	-1.406882E+0	7.515263E-1	4.197428E+0
4.734171639E+6	-1.404287E+0	7.518507E-1	4.286958E+0
4.734171739E+6	-1.403314E+0	7.515263E-1	4.374218E+0
4.734171839E+6	-1.402665E+0	7.518507E-1	4.456287E+0
4.734171939E+6	-1.403638E+0	7.518507E-1	4.534139E+0
4.734172039E+6	-1.403638E+0	7.528238E-1	4.610370E+0
4.734172142E+6	-1.406233E+0	7.524994E-1	4.677193E+0
4.734172239E+6	-1.405260E+0	7.524994E-1	4.741097E+0
4.734172337E+6	-1.403314E+0	7.524994E-1	4.800135E+0
4.734172438E+6	-1.402017E+0	7.524994E-1	4.855281E+0
4.734172538E+6	-1.400719E+0	7.524994E-1	4.905885E+0
4.734172637E+6	-1.399421E+0	7.521751E-1	4.950650E+0
4.734172739E+6	-1.400070E+0	7.521751E-1	4.991198E+0
4.734172839E+6	-1.401043E+0	7.518507E-1	5.026232E+0
4.734172939E+6	-1.401692E+0	7.528238E-1	5.056400E+0
4.734173039E+6	-1.403314E+0	7.528238E-1	5.082350E+0
4.734173139E+6	-1.403314E+0	7.528238E-1	5.103435E+0
4.734173239E+6	-1.401368E+0	7.524994E-1	5.118033E+0
4.734173339E+6	-1.401368E+0	7.524994E-1	5.128089E+0
4.734173438E+6	-1.401692E+0	7.524994E-1	5.133279E+0
4.734173538E+6	-1.402017E+0	7.521751E-1	5.133603E+0
4.734173638E+6	-1.401692E+0	7.518507E-1	5.128413E+0
4.734173738E+6	-1.402341E+0	7.521751E-1	5.119655E+0
4.734173839E+6	-1.402341E+0	7.528238E-1	5.104084E+0
4.734173939E+6	-1.401043E+0	7.531482E-1	5.083648E+0
4.734174039E+6	-1.399746E+0	7.531482E-1	5.058995E+0
4.734174139E+6	-1.400070E+0	7.524994E-1	5.028502E+0
4.734174239E+6	-1.400070E+0	7.528238E-1	4.993793E+0
4.734174339E+6	-1.401043E+0	7.524994E-1	4.954867E+0
4.734174439E+6	-1.401692E+0	7.534726E-1	4.910102E+0
4.734174538E+6	-1.401043E+0	7.541213E-1	4.860795E+0
4.734174639E+6	-1.401692E+0	7.541213E-1	4.806947E+0
4.734174740E+6	-1.399421E+0	7.541213E-1	4.747585E+0
4.734174839E+6	-1.397475E+0	7.537969E-1	4.683032E+0
4.734174940E+6	-1.396826E+0	7.541213E-1	4.614262E+0
4.734175037E+6	-1.396826E+0	7.541213E-1	4.540951E+0
4.734175139E+6	-1.396502E+0	7.541213E-1	4.463424E+0
4.734175239E+6	-1.395529E+0	7.541213E-1	4.381679E+0
4.734175339E+6	-1.396502E+0	7.534726E-1	4.295717E+0
4.734175438E+6	-1.396826E+0	7.534726E-1	4.204565E+0
4.734175539E+6	-1.396826E+0	7.537969E-1	4.110494E+0
4.734175639E+6	-1.396826E+0	7.537969E-1	4.011881E+0
4.734175739E+6	-1.396502E+0	7.537969E-1	3.908078E+0
4.734175840E+6	-1.397800E+0	7.541213E-1	3.801356E+0
4.734175939E+6	-1.399746E+0	7.541213E-1	3.691714E+0
4.734176040E+6	-1.402341E+0	7.537969E-1	3.577532E+0
4.734176140E+6	-1.402665E+0	7.528238E-1	3.460105E+0
4.734176241E+6	-1.402665E+0	7.531482E-1	3.339759E+0
4.734176340E+6	-1.400719E+0	7.531482E-1	3.215520E+0
4.734176440E+6	-1.401692E+0	7.531482E-1	3.087389E+0
4.734176540E+6	-1.401043E+0	7.537969E-1	2.956988E+0
4.734176639E+6	-1.402665E+0	7.537969E-1	2.823343E+0
4.734176739E+6	-1.402341E+0	7.541213E-1	2.687751E+0
4.734176842E+6	-1.402665E+0	7.537969E-1	2.548916E+0
4.734176941E+6	-1.401043E+0	7.537969E-1	2.407161E+0
4.734177040E+6	-1.400719E+0	7.541213E-1	2.263461E+0
4.734177138E+6	-1.401368E+0	7.541213E-1	2.116840E+0
4.734177239E+6	-1.402665E+0	7.537969E-1	1.969572E+0
4.734177339E+6	-1.403314E+0	7.537969E-1	1.819384E+0
4.734177438E+6	-1.404287E+0	7.534726E-1	1.667249E+0
4.734177540E+6	-1.403638E+0	7.531482E-1	1.514142E+0
4.734177641E+6	-1.401368E+0	7.531482E-1	1.359088E+0
4.734177740E+6	-1.400395E+0	7.534726E-1	1.202413E+0
4.734177839E+6	-1.401692E+0	7.531482E-1	1.044441E+0
4.734177940E+6	-1.405909E+0	7.534726E-1	8.858192E-1
4.734178039E+6	-1.408828E+0	7.528238E-1	7.268735E-1
4.734178140E+6	-1.410775E+0	7.528238E-1	5.659817E-1
4.734178240E+6	-1.410126E+0	7.528238E-1	4.057387E-1
4.734178338E+6	-1.409153E+0	7.528238E-1	2.445227E-1
4.734178439E+6	-1.409153E+0	7.528238E-1	8.363120E-2
4.734178539E+6	-1.411748E+0	7.531482E-1	-7.628711E-2
4.734178640E+6	-1.414018E+0	7.534726E-1	-2.371785E-1
4.734178739E+6	-1.415316E+0	7.534726E-1	-3.980697E-1
4.734178840E+6	-1.414667E+0	7.534726E-1	-5.586366E-1
4.734178940E+6	-1.413045E+0	7.534726E-1	-7.185545E-1
4.734179041E+6	-1.410775E+0	7.528238E-1	-8.774993E-1
4.734179140E+6	-1.411423E+0	7.528238E-1	-1.035471E+0
4.734179240E+6	-1.414018E+0	7.518507E-1	-1.193118E+0
4.734179338E+6	-1.417262E+0	7.521751E-1	-1.349468E+0
4.734179439E+6	-1.416938E+0	7.521751E-1	-1.504195E+0
4.734179539E+6	-1.416289E+0	7.524994E-1	-1.657625E+0
4.734179638E+6	-1.415316E+0	7.528238E-1	-1.811704E+0
4.734179742E+6	-1.416613E+0	7.524994E-1	-1.958646E+0
4.734179839E+6	-1.415316E+0	7.537969E-1	-2.107210E+0
4.734179940E+6	-1.415316E+0	7.534726E-1	-2.252855E+0
4.734180040E+6	-1.415965E+0	7.531482E-1	-2.395905E+0
4.734180139E+6	-1.415965E+0	7.531482E-1	-2.537333E+0
4.734180239E+6	-1.414992E+0	7.531482E-1	-2.676165E+0
4.734180338E+6	-1.414992E+0	7.537969E-1	-2.812403E+0
4.734180439E+6	-1.416938E+0	7.537969E-1	-2.947668E+0
4.734180540E+6	-1.417911E+0	7.537969E-1	-3.076120E+0
4.734180640E+6	-1.414667E+0	7.531482E-1	-3.203600E+0
4.734180740E+6	-1.413045E+0	7.531482E-1	-3.327511E+0
4.734180839E+6	-1.415316E+0	7.528238E-1	-3.448827E+0
4.734180939E+6	-1.417262E+0	7.534726E-1	-3.565602E+0
4.734181039E+6	-1.416613E+0	7.531482E-1	-3.679458E+0
4.734181140E+6	-1.414667E+0	7.528238E-1	-3.790070E+0
4.734181238E+6	-1.413694E+0	7.528238E-1	-3.896789E+0
4.734181339E+6	-1.411423E+0	7.528238E-1	-3.999616E+0
4.734181440E+6	-1.411099E+0	7.531482E-1	-4.099524E+0
4.734181540E+6	-1.411423E+0	7.537969E-1	-4.193268E+0
4.734181639E+6	-1.412721E+0	7.541213E-1	-4.285066E+0
4.734181740E+6	-1.414018E+0	7.537969E-1	-4.370376E+0
4.734181841E+6	-1.411748E+0	7.531482E-1	-4.452443E+0
4.734181938E+6	-1.410450E+0	7.537969E-1	-4.530293E+0
4.734182039E+6	-1.409477E+0	7.541213E-1	-4.603602E+0
4.734182138E+6	-1.411099E+0	7.537969E-1	-4.672694E+0
4.734182240E+6	-1.411423E+0	7.541213E-1	-4.736595E+0
4.734182340E+6	-1.411423E+0	7.537969E-1	-4.796605E+0
4.734182439E+6	-1.412721E+0	7.541213E-1	-4.851424E+0
4.734182541E+6	-1.411748E+0	7.537969E-1	-4.901702E+0
4.734182640E+6	-1.412721E+0	7.541213E-1	-4.946790E+0
4.734182739E+6	-1.412397E+0	7.541213E-1	-4.986688E+0
4.734182838E+6	-1.415640E+0	7.537969E-1	-5.022045E+0
4.734182939E+6	-1.416938E+0	7.531482E-1	-5.052212E+0
4.734183039E+6	-1.415640E+0	7.524994E-1	-5.077837E+0
4.734183139E+6	-1.413694E+0	7.531482E-1	-5.098273E+0
4.734183239E+6	-1.413370E+0	7.531482E-1	-5.113843E+0
4.734183339E+6	-1.413370E+0	7.531482E-1	-5.124223E+0
4.734183439E+6	-1.412721E+0	7.531482E-1	-5.129737E+0
4.734183539E+6	-1.413045E+0	7.531482E-1	-5.130062E+0
4.734183638E+6	-1.413045E+0	7.531482E-1	-5.125196E+0
4.734183739E+6	-1.412397E+0	7.524994E-1	-5.115465E+0
4.734183838E+6	-1.414018E+0	7.524994E-1	-5.100544E+0
4.734183939E+6	-1.414343E+0	7.528238E-1	-5.080757E+0
4.734184039E+6	-1.416613E+0	7.531482E-1	-5.055131E+0
4.734184139E+6	-1.416289E+0	7.534726E-1	-5.025937E+0
4.734184239E+6	-1.414992E+0	7.531482E-1	-4.990905E+0
4.734184339E+6	-1.414992E+0	7.534726E-1	-4.950683E+0
4.734184438E+6	-1.416938E+0	7.541213E-1	-4.905594E+0
4.734184540E+6	-1.416938E+0	7.537969E-1	-4.856614E+0
4.734184639E+6	-1.416613E+0	7.537969E-1	-4.801795E+0
4.734184740E+6	-1.414667E+0	7.531482E-1	-4.742758E+0
4.734184839E+6	-1.414343E+0	7.528238E-1	-4.678857E+0
4.734184939E+6	-1.412397E+0	7.528238E-1	-4.610414E+0
4.734185038E+6	-1.412397E+0	7.531482E-1	-4.537429E+0
4.734185139E+6	-1.413370E+0	7.534726E-1	-4.459579E+0
4.734185239E+6	-1.413045E+0	7.534726E-1	-4.378161E+0
4.734185340E+6	-1.411748E+0	7.531482E-1	-4.291878E+0
4.734185440E+6	-1.412721E+0	7.528238E-1	-4.202350E+0
4.734185538E+6	-1.413694E+0	7.524994E-1	-4.106984E+0
4.734185639E+6	-1.412072E+0	7.524994E-1	-4.008050E+0
4.734185739E+6	-1.413370E+0	7.534726E-1	-3.906196E+0
4.734185838E+6	-1.412721E+0	7.534726E-1	-3.799152E+0
4.734185938E+6	-1.412072E+0	7.534726E-1	-3.688865E+0
4.734186039E+6	-1.411748E+0	7.531482E-1	-3.574685E+0
4.734186139E+6	-1.413045E+0	7.521751E-1	-3.457910E+0
4.734186240E+6	-1.413370E+0	7.528238E-1	-3.336269E+0
4.734186338E+6	-1.413694E+0	7.531482E-1	-3.212358E+0
4.734186440E+6	-1.413694E+0	7.537969E-1	-3.086176E+0
4.734186537E+6	-1.413370E+0	7.534726E-1	-2.954480E+0
4.734186638E+6	-1.411748E+0	7.537969E-1	-2.820513E+0
4.734186739E+6	-1.412072E+0	7.537969E-1	-2.684275E+0
4.734186838E+6	-1.411423E+0	7.534726E-1	-2.545118E+0
4.734186939E+6	-1.412397E+0	7.537969E-1	-2.403690E+0
4.734187039E+6	-1.414018E+0	7.537969E-1	-2.260316E+0
4.734187138E+6	-1.415316E+0	7.534726E-1	-2.114347E+0
4.734187239E+6	-1.414343E+0	7.531482E-1	-1.966431E+0
4.734187339E+6	-1.413370E+0	7.531482E-1	-1.816245E+0
4.734187439E+6	-1.411423E+0	7.528238E-1	-1.664761E+0
4.734187538E+6	-1.411748E+0	7.531482E-1	-1.511980E+0
4.734187639E+6	-1.411099E+0	7.531482E-1	-1.356928E+0
4.734187739E+6	-1.411423E+0	7.537969E-1	-1.200579E+0
4.734187839E+6	-1.413045E+0	7.534726E-1	-1.042932E+0
4.734187939E+6	-1.415965E+0	7.541213E-1	-8.843112E-1
4.734188039E+6	-1.415316E+0	7.537969E-1	-7.250421E-1
4.734188139E+6	-1.414667E+0	7.534726E-1	-5.654485E-1
4.734188239E+6	-1.412721E+0	7.534726E-1	-4.045573E-1
4.734188339E+6	-1.411748E+0	7.534726E-1	-2.436660E-1
4.734188438E+6	-1.414667E+0	7.534726E-1	-8.277467E-2
4.734188539E+6	-1.414343E+0	7.537969E-1	7.714364E-2
4.734188639E+6	-1.416289E+0	7.541213E-1	2.383595E-1
4.734188739E+6	-1.415965E+0	7.541213E-1	3.992512E-1
4.734188840E+6	-1.415640E+0	7.541213E-1	5.598185E-1
4.734188940E+6	-1.413370E+0	7.531482E-1	7.203859E-1
4.734189040E+6	-1.412072E+0	7.531482E-1	8.793316E-1
4.734189140E+6	-1.411423E+0	7.534726E-1	1.038277E+0
4.734189239E+6	-1.411748E+0	7.524994E-1	1.196250E+0
4.734189340E+6	-1.411423E+0	7.528238E-1	1.352601E+0
4.734189439E+6	-1.410126E+0	7.531482E-1	1.506032E+0
4.734189537E+6	-1.409802E+0	7.524994E-1	1.660762E+0
4.734189639E+6	-1.406882E+0	7.524994E-1	1.811923E+0
4.734189739E+6	-1.404612E+0	7.524994E-1	1.962760E+0
4.734189840E+6	-1.403963E+0	7.524994E-1	2.109704E+0
4.734189940E+6	-1.403314E+0	7.524994E-1	2.255351E+0
4.734190038E+6	-1.403638E+0	7.528238E-1	2.399701E+0
4.734190139E+6	-1.403963E+0	7.531482E-1	2.540806E+0
4.734190239E+6	-1.402990E+0	7.524994E-1	2.680290E+0
4.734190340E+6	-1.401368E+0	7.534726E-1	2.816855E+0
4.734190439E+6	-1.400395E+0	7.531482E-1	2.949527E+0
4.734190539E+6	-1.400070E+0	7.531482E-1	3.079929E+0
4.734190640E+6	-1.401043E+0	7.524994E-1	3.207411E+0
4.734190739E+6	-1.408180E+0	7.528238E-1	3.331649E+0
4.734190838E+6	-1.404612E+0	7.531482E-1	3.452320E+0
4.734190939E+6	-1.402341E+0	7.528238E-1	3.570071E+0
4.734191039E+6	-1.399421E+0	7.528238E-1	3.684254E+0
4.734191138E+6	-1.400719E+0	7.524994E-1	3.794868E+0
4.734191239E+6	-1.399097E+0	7.515263E-1	3.900942E+0
4.734191340E+6	-1.415965E+0	7.512019E-1	4.004096E+0
4.734191438E+6	-1.418560E+0	7.505532E-1	4.103357E+0
4.734191540E+6	-1.415640E+0	7.508775E-1	4.198402E+0
4.734191640E+6	-1.396826E+0	7.505532E-1	4.288580E+0
4.734191738E+6	-1.366659E+0	7.505532E-1	4.375191E+0
4.734191839E+6	-1.373471E+0	7.502288E-1	4.456936E+0
4.734191940E+6	-1.369254E+0	7.505532E-1	4.534788E+0
4.734192039E+6	-1.356928E+0	7.505532E-1	4.608423E+0
4.734192139E+6	-1.369254E+0	7.499044E-1	4.676869E+0
4.734192239E+6	-1.375742E+0	7.495800E-1	4.741097E+0
4.734192339E+6	-1.357577E+0	7.495800E-1	4.801108E+0
4.734192439E+6	-1.357901E+0	7.499044E-1	4.856578E+0
4.734192538E+6	-1.379635E+0	7.495800E-1	4.905560E+0
4.734192639E+6	-1.365038E+0	7.492556E-1	4.950650E+0
4.734192739E+6	-1.367308E+0	7.492556E-1	4.991198E+0
4.734192840E+6	-1.355306E+0	7.479581E-1	5.025907E+0
4.734192939E+6	-1.364389E+0	7.482825E-1	5.056400E+0
4.734193040E+6	-1.343304E+0	7.479581E-1	5.082026E+0
4.734193139E+6	-1.345899E+0	7.482825E-1	5.102462E+0
4.734193239E+6	-1.363416E+0	7.473094E-1	5.118033E+0
4.734193340E+6	-1.351414E+0	7.476338E-1	5.128413E+0
4.734193439E+6	-1.346548E+0	7.473094E-1	5.133279E+0
4.734193539E+6	-1.360821E+0	7.476338E-1	5.133603E+0
4.734193639E+6	-1.353360E+0	7.473094E-1	5.129386E+0
4.734193740E+6	-1.348494E+0	7.469850E-1	5.119330E+0
4.734193839E+6	-1.365038E+0	7.466606E-1	5.104409E+0
4.734193940E+6	-1.361145E+0	7.476338E-1	5.084945E+0
4.734194039E+6	-1.351089E+0	7.469850E-1	5.059643E+0
4.734194139E+6	-1.361145E+0	7.469850E-1	5.029800E+0
4.734194239E+6	-1.359848E+0	7.469850E-1	4.995091E+0
4.734194339E+6	-1.349792E+0	7.466606E-1	4.954542E+0
4.734194438E+6	-1.362767E+0	7.469850E-1	4.910102E+0
4.734194539E+6	-1.363416E+0	7.460119E-1	4.860146E+0
4.734194640E+6	-1.354982E+0	7.456875E-1	4.806298E+0
4.734194738E+6	-1.359199E+0	7.463362E-1	4.747585E+0
4.734194838E+6	-1.364064E+0	7.463362E-1	4.683681E+0
4.734194938E+6	-1.357253E+0	7.473094E-1	4.614911E+0
4.734195040E+6	-1.356928E+0	7.469850E-1	4.541600E+0
4.734195140E+6	-1.358226E+0	7.469850E-1	4.464072E+0
4.734195240E+6	-1.358874E+0	7.473094E-1	4.382003E+0
4.734195340E+6	-1.356928E+0	7.473094E-1	4.296041E+0
4.734195439E+6	-1.360172E+0	7.469850E-1	4.205862E+0
4.734195539E+6	-1.379959E+0	7.473094E-1	4.111142E+0
4.734195639E+6	-1.357901E+0	7.473094E-1	4.011881E+0
4.734195739E+6	-1.370876E+0	7.469850E-1	3.909376E+0
4.734195839E+6	-1.351089E+0	7.473094E-1	3.803302E+0
4.734195938E+6	-1.330654E+0	7.479581E-1	3.692039E+0
4.734196039E+6	-1.343953E+0	7.476338E-1	3.578505E+0
4.734196138E+6	-1.344277E+0	7.479581E-1	3.461402E+0
4.734196239E+6	-1.334871E+0	7.469850E-1	3.340408E+0
4.734196339E+6	-1.349792E+0	7.473094E-1	3.215845E+0
4.734196438E+6	-1.348170E+0	7.469850E-1	3.089011E+0
4.734196538E+6	-1.346548E+0	7.476338E-1	2.958610E+0
4.734196639E+6	-1.344602E+0	7.473094E-1	2.824640E+0
4.734196738E+6	-1.344926E+0	7.473094E-1	2.688075E+0
4.734196839E+6	-1.344277E+0	7.476338E-1	2.548916E+0
4.734196939E+6	-1.337790E+0	7.473094E-1	2.407810E+0
4.734197039E+6	-1.340709E+0	7.473094E-1	2.264758E+0
4.734197138E+6	-1.346224E+0	7.476338E-1	2.117489E+0
4.734197238E+6	-1.332924E+0	7.469850E-1	1.969247E+0
4.734197339E+6	-1.346872E+0	7.469850E-1	1.819384E+0
4.734197439E+6	-1.342656E+0	7.469850E-1	1.667574E+0
4.734197539E+6	-1.335844E+0	7.469850E-1	1.513493E+0
4.734197639E+6	-1.343953E+0	7.469850E-1	1.358440E+0
4.734197739E+6	-1.342656E+0	7.473094E-1	1.201764E+0
4.734197841E+6	-1.328383E+0	7.476338E-1	1.044441E+0
4.734197939E+6	-1.337790E+0	7.473094E-1	8.861435E-1
4.734198039E+6	-1.350116E+0	7.476338E-1	7.265491E-1
4.734198140E+6	-1.336492E+0	7.479581E-1	5.656573E-1
4.734198239E+6	-1.344926E+0	7.479581E-1	4.060631E-1
4.734198340E+6	-1.349468E+0	7.476338E-1	2.451715E-1
4.734198440E+6	-1.335844E+0	7.479581E-1	8.427995E-2
4.734198540E+6	-1.341682E+0	7.473094E-1	-7.628711E-2
4.734198639E+6	-1.355955E+0	7.469850E-1	-2.368541E-1
4.734198738E+6	-1.345251E+0	7.466606E-1	-3.983941E-1
4.734198840E+6	-1.336168E+0	7.466606E-1	-5.586366E-1
4.734198938E+6	-1.349143E+0	7.463362E-1	-7.179058E-1
4.734199041E+6	-1.344926E+0	7.466606E-1	-8.771749E-1
4.734199140E+6	-1.335195E+0	7.469850E-1	-1.036120E+0
4.734199240E+6	-1.345575E+0	7.476338E-1	-1.193118E+0
4.734199340E+6	-1.345899E+0	7.476338E-1	-1.348819E+0
4.734199438E+6	-1.339087E+0	7.482825E-1	-1.503871E+0
4.734199539E+6	-1.348494E+0	7.476338E-1	-1.656976E+0
4.734199639E+6	-1.351089E+0	7.476338E-1	-1.809109E+0
4.734199739E+6	-1.341034E+0	7.479581E-1	-1.958646E+0
4.734199838E+6	-1.343304E+0	7.473094E-1	-2.105913E+0
4.734199940E+6	-1.348494E+0	7.473094E-1	-2.252206E+0
4.734200038E+6	-1.337466E+0	7.469850E-1	-2.395256E+0
4.734200140E+6	-1.338763E+0	7.466606E-1	-2.537008E+0
4.734200239E+6	-1.348819E+0	7.469850E-1	-2.675841E+0
4.734200338E+6	-1.342007E+0	7.466606E-1	-2.812079E+0
4.734200439E+6	-1.339412E+0	7.473094E-1	-2.945397E+0
4.734200539E+6	-1.349792E+0	7.473094E-1	-3.076769E+0
4.734200640E+6	-1.344926E+0	7.473094E-1	-3.203600E+0
4.734200738E+6	-1.336817E+0	7.476338E-1	-3.327836E+0
4.734200839E+6	-1.342331E+0	7.482825E-1	-3.448503E+0
4.734200939E+6	-1.348494E+0	7.479581E-1	-3.565927E+0
4.734201039E+6	-1.337141E+0	7.479581E-1	-3.680431E+0
4.734201138E+6	-1.342331E+0	7.482825E-1	-3.790394E+0
4.734201238E+6	-1.353360E+0	7.479581E-1	-3.896789E+0
4.734201339E+6	-1.335519E+0	7.473094E-1	-3.999940E+0
4.734201439E+6	-1.343304E+0	7.476338E-1	-4.098875E+0
4.734201539E+6	-1.347846E+0	7.473094E-1	-4.193592E+0
4.734201639E+6	-1.340385E+0	7.473094E-1	-4.284093E+0
4.734201739E+6	-1.342331E+0	7.476338E-1	-4.370376E+0
4.734201839E+6	-1.348170E+0	7.479581E-1	-4.452443E+0
4.734201939E+6	-1.341682E+0	7.473094E-1	-4.530617E+0
4.734202039E+6	-1.337141E+0	7.476338E-1	-4.603926E+0
4.734202137E+6	-1.345575E+0	7.479581E-1	-4.672369E+0
4.734202239E+6	-1.342007E+0	7.479581E-1	-4.737244E+0
4.734202340E+6	-1.340061E+0	7.479581E-1	-4.796605E+0
4.734202439E+6	-1.341358E+0	7.479581E-1	-4.851424E+0
4.734202539E+6	-1.340709E+0	7.479581E-1	-4.901702E+0
4.734202639E+6	-1.326112E+0	7.482825E-1	-4.947439E+0
4.734202738E+6	-1.336168E+0	7.482825E-1	-4.987012E+0
4.734202839E+6	-1.342980E+0	7.482825E-1	-5.022369E+0
4.734202940E+6	-1.339087E+0	7.486069E-1	-5.052860E+0
4.734203038E+6	-1.342980E+0	7.486069E-1	-5.078162E+0
4.734203140E+6	-1.347846E+0	7.482825E-1	-5.098597E+0
4.734203240E+6	-1.347197E+0	7.476338E-1	-5.114167E+0
4.734203339E+6	-1.344926E+0	7.473094E-1	-5.124223E+0
4.734203439E+6	-1.347197E+0	7.473094E-1	-5.129737E+0
4.734203539E+6	-1.342007E+0	7.473094E-1	-5.129737E+0
4.734203638E+6	-1.333897E+0	7.473094E-1	-5.125196E+0
4.734203738E+6	-1.342331E+0	7.466606E-1	-5.115789E+0
4.734203837E+6	-1.345575E+0	7.466606E-1	-5.100219E+0
4.734203938E+6	-1.343304E+0	7.466606E-1	-5.080432E+0
4.734204039E+6	-1.342656E+0	7.473094E-1	-5.055780E+0
4.734204139E+6	-1.346224E+0	7.466606E-1	-5.025613E+0
4.734204239E+6	-1.334546E+0	7.476338E-1	-4.990581E+0
4.734204339E+6	-1.335844E+0	7.473094E-1	-4.951331E+0
4.734204439E+6	-1.346224E+0	7.473094E-1	-4.905919E+0
4.734204538E+6	-1.333573E+0	7.466606E-1	-4.856938E+0
4.734204639E+6	-1.333897E+0	7.463362E-1	-4.802119E+0
4.734204740E+6	-1.346548E+0	7.469850E-1	-4.742758E+0
4.734204838E+6	-1.335519E+0	7.469850E-1	-4.678532E+0
4.734204938E+6	-1.333249E+0	7.469850E-1	-4.610738E+0
4.734205039E+6	-1.345251E+0	7.466606E-1	-4.537105E+0
4.734205141E+6	-1.336168E+0	7.473094E-1	-4.459579E+0
4.734205239E+6	-1.333897E+0	7.476338E-1	-4.377837E+0
4.734205339E+6	-1.344277E+0	7.473094E-1	-4.291553E+0
4.734205440E+6	-1.337466E+0	7.473094E-1	-4.201053E+0
4.734205539E+6	-1.331302E+0	7.466606E-1	-4.106660E+0
4.734205638E+6	-1.342007E+0	7.466606E-1	-4.007401E+0
4.734205738E+6	-1.340709E+0	7.466606E-1	-3.905223E+0
4.734205840E+6	-1.330329E+0	7.466606E-1	-3.798504E+0
4.734205939E+6	-1.337141E+0	7.479581E-1	-3.688216E+0
4.734206040E+6	-1.338439E+0	7.476338E-1	-3.574036E+0
4.734206140E+6	-1.330978E+0	7.479581E-1	-3.457586E+0
4.734206239E+6	-1.341682E+0	7.476338E-1	-3.335945E+0
4.734206339E+6	-1.343953E+0	7.479581E-1	-3.211709E+0
4.734206439E+6	-1.335195E+0	7.482825E-1	-3.084554E+0
4.734206539E+6	-1.339736E+0	7.482825E-1	-2.954155E+0
4.734206640E+6	-1.341682E+0	7.489313E-1	-2.820513E+0
4.734206738E+6	-1.340385E+0	7.486069E-1	-2.684275E+0
4.734206839E+6	-1.339412E+0	7.489313E-1	-2.545118E+0
4.734206941E+6	-1.341682E+0	7.482825E-1	-2.403041E+0
4.734207040E+6	-1.339087E+0	7.479581E-1	-2.259991E+0
4.734207139E+6	-1.338439E+0	7.479581E-1	-2.114347E+0
4.734207238E+6	-1.340385E+0	7.486069E-1	-1.966107E+0
4.734207339E+6	-1.340061E+0	7.489313E-1	-1.816245E+0
4.734207440E+6	-1.336817E+0	7.479581E-1	-1.664437E+0
4.734207540E+6	-1.340061E+0	7.476338E-1	-1.511007E+0
4.734207640E+6	-1.340061E+0	7.476338E-1	-1.355306E+0
4.734207740E+6	-1.339087E+0	7.476338E-1	-1.199281E+0
4.734207840E+6	-1.341034E+0	7.479581E-1	-1.041634E+0
4.734207938E+6	-1.343304E+0	7.479581E-1	-8.826893E-1
4.734208040E+6	-1.337141E+0	7.482825E-1	-7.234202E-1
4.734208140E+6	-1.336817E+0	7.479581E-1	-5.641510E-1
4.734208239E+6	-1.336817E+0	7.482825E-1	-4.032598E-1
4.734208339E+6	-1.339412E+0	7.479581E-1	-2.423685E-1
4.734208439E+6	-1.340385E+0	7.482825E-1	-8.180154E-2
4.734208540E+6	-1.339412E+0	7.482825E-1	7.908990E-2
4.734208639E+6	-1.340709E+0	7.479581E-1	2.399814E-1
4.734208739E+6	-1.337141E+0	7.479581E-1	4.008731E-1
4.734208839E+6	-1.336168E+0	7.482825E-1	5.614404E-1
4.734208939E+6	-1.335844E+0	7.482825E-1	7.203859E-1
4.734209039E+6	-1.335844E+0	7.476338E-1	8.799803E-1
4.734209139E+6	-1.333573E+0	7.469850E-1	1.037629E+0
4.734209239E+6	-1.335195E+0	7.473094E-1	1.196250E+0
4.734209339E+6	-1.334871E+0	7.473094E-1	1.352601E+0
4.734209440E+6	-1.327086E+0	7.476338E-1	1.507006E+0
4.734209539E+6	-1.330329E+0	7.473094E-1	1.660437E+0
4.734209639E+6	-1.331627E+0	7.469850E-1	1.812247E+0
4.734209738E+6	-1.326761E+0	7.469850E-1	1.962111E+0
4.734209838E+6	-1.330654E+0	7.469850E-1	2.110028E+0
4.734209939E+6	-1.332276E+0	7.476338E-1	2.256324E+0
4.734210039E+6	-1.327734E+0	7.476338E-1	2.400025E+0
4.734210138E+6	-1.329032E+0	7.482825E-1	2.541131E+0
4.734210238E+6	-1.330654E+0	7.482825E-1	2.679966E+0
4.734210339E+6	-1.330654E+0	7.479581E-1	2.816206E+0
4.734210439E+6	-1.334871E+0	7.482825E-1	2.949852E+0
4.734210539E+6	-1.330978E+0	7.476338E-1	3.079604E+0
4.734210639E+6	-1.325788E+0	7.476338E-1	3.207735E+0
4.734210739E+6	-1.331627E+0	7.479581E-1	3.331649E+0
4.734210838E+6	-1.329356E+0	7.482825E-1	3.452969E+0
4.734210939E+6	-1.325464E+0	7.476338E-1	3.569746E+0
4.734211038E+6	-1.330978E+0	7.479581E-1	3.684578E+0
4.734211139E+6	-1.332276E+0	7.479581E-1	3.794868E+0
4.734211238E+6	-1.325788E+0	7.479581E-1	3.901915E+0
4.734211339E+6	-1.329681E+0	7.476338E-1	4.004420E+0
4.734211439E+6	-1.329681E+0	7.473094E-1	4.103033E+0
4.734211539E+6	-1.323517E+0	7.476338E-1	4.197428E+0
4.734211639E+6	-1.339736E+0	7.479581E-1	4.288905E+0
4.734211739E+6	-1.338439E+0	7.479581E-1	4.374218E+0
4.734211839E+6	-1.306325E+0	7.479581E-1	4.456936E+0
4.734211939E+6	-1.348819E+0	7.473094E-1	4.534139E+0
4.734212040E+6	-1.313137E+0	7.476338E-1	4.607775E+0
4.734212139E+6	-1.326761E+0	7.479581E-1	4.677193E+0
4.734212239E+6	-1.341034E+0	7.482825E-1	4.741746E+0
4.734212339E+6	-1.316705E+0	7.479581E-1	4.800459E+0
4.734212439E+6	-1.327410E+0	7.476338E-1	4.855281E+0
4.734212540E+6	-1.342656E+0	7.479581E-1	4.905885E+0
4.734212639E+6	-1.324166E+0	7.476338E-1	4.950650E+0
4.734212739E+6	-1.322869E+0	7.482825E-1	4.991198E+0
4.734212839E+6	-1.338439E+0	7.473094E-1	5.026232E+0
4.734212939E+6	-1.324491E+0	7.479581E-1	5.057048E+0
4.734213066E+6	-1.319625E+0	7.476338E-1	5.082026E+0
4.734213139E+6	-1.338114E+0	7.473094E-1	5.101814E+0
4.734213239E+6	-1.332600E+0	7.473094E-1	5.117708E+0
4.734213340E+6	-1.321247E+0	7.469850E-1	5.128089E+0
4.734213440E+6	-1.330329E+0	7.473094E-1	5.133603E+0
4.734213538E+6	-1.331302E+0	7.473094E-1	5.133603E+0
4.734213638E+6	-1.320598E+0	7.476338E-1	5.128413E+0
4.734213738E+6	-1.326112E+0	7.476338E-1	5.118682E+0
4.734213838E+6	-1.332924E+0	7.482825E-1	5.103111E+0
4.734213944E+6	-1.321895E+0	7.492556E-1	5.083648E+0
4.734214040E+6	-1.326112E+0	7.495800E-1	5.058995E+0
4.734214138E+6	-1.334546E+0	7.492556E-1	5.028827E+0
4.734214264E+6	-1.326437E+0	7.489313E-1	4.994442E+0
4.734214338E+6	-1.326761E+0	7.489313E-1	4.954867E+0
4.734214439E+6	-1.303730E+0	7.482825E-1	4.910750E+0
4.734214539E+6	-1.341358E+0	7.479581E-1	4.861119E+0
4.734214642E+6	-1.346548E+0	7.486069E-1	4.806623E+0
4.734214738E+6	-1.308272E+0	7.486069E-1	4.746936E+0
4.734214839E+6	-1.348170E+0	7.486069E-1	4.683681E+0
4.734214938E+6	-1.341682E+0	7.482825E-1	4.612965E+0
4.734215040E+6	-1.320274E+0	7.482825E-1	4.541600E+0
4.734215138E+6	-1.336492E+0	7.486069E-1	4.464072E+0
4.734215238E+6	-1.337790E+0	7.486069E-1	4.382327E+0
4.734215337E+6	-1.325788E+0	7.489313E-1	4.296690E+0
4.734215437E+6	-1.332924E+0	7.486069E-1	4.206187E+0
4.734215538E+6	-1.339736E+0	7.479581E-1	4.110818E+0
4.734215638E+6	-1.330329E+0	7.476338E-1	4.011881E+0
4.734215738E+6	-1.327734E+0	7.479581E-1	3.910349E+0
4.734215837E+6	-1.335519E+0	7.479581E-1	3.803302E+0
