Time	Channel1	Channel2	Channel3
4.871984089E+6	-3.364814E+0	6.542127E-1	3.083173E+0
4.871984168E+6	-3.390440E+0	6.545371E-1	3.210006E+0
4.871984267E+6	-3.368382E+0	6.542127E-1	3.334244E+0
4.871984367E+6	-3.369356E+0	6.542127E-1	3.454915E+0
4.871984467E+6	-3.387521E+0	6.538883E-1	3.572341E+0
4.871984568E+6	-3.372924E+0	6.538883E-1	3.686200E+0
4.871984666E+6	-3.361895E+0	6.538883E-1	3.797139E+0
4.871984767E+6	-3.382655E+0	6.535639E-1	3.903537E+0
4.871984867E+6	-3.376167E+0	6.535639E-1	4.006691E+0
4.871984967E+6	-3.362219E+0	6.529152E-1	4.105303E+0
4.871985066E+6	-3.379087E+0	6.532395E-1	4.200023E+0
4.871985166E+6	-3.379087E+0	6.535639E-1	4.290851E+0
4.871985267E+6	-3.365787E+0	6.535639E-1	4.377462E+0
4.871985367E+6	-3.382331E+0	6.529152E-1	4.459207E+0
4.871985467E+6	-3.383952E+0	6.532395E-1	4.537059E+0
4.871985567E+6	-3.367409E+0	6.532395E-1	4.610370E+0
4.871985667E+6	-3.378438E+0	6.522664E-1	4.679788E+0
4.871985767E+6	-3.382331E+0	6.525908E-1	4.743368E+0
4.871985867E+6	-3.367085E+0	6.532395E-1	4.803379E+0
4.871985967E+6	-3.375519E+0	6.535639E-1	4.858200E+0
4.871986067E+6	-3.385574E+0	6.532395E-1	4.907507E+0
4.871986168E+6	-3.377465E+0	6.535639E-1	4.953245E+0
4.871986267E+6	-3.377141E+0	6.535639E-1	4.993469E+0
4.871986367E+6	-3.385250E+0	6.538883E-1	5.028178E+0
4.871986467E+6	-3.377465E+0	6.535639E-1	5.059319E+0
4.871986567E+6	-3.370977E+0	6.538883E-1	5.083648E+0
4.871986667E+6	-3.380709E+0	6.538883E-1	5.104084E+0
4.871986767E+6	-3.380384E+0	6.538883E-1	5.119979E+0
4.871986867E+6	-3.371302E+0	6.538883E-1	5.131008E+0
4.871986967E+6	-3.378762E+0	6.538883E-1	5.135874E+0
4.871987067E+6	-3.380060E+0	6.538883E-1	5.135874E+0
4.871987167E+6	-3.371626E+0	6.538883E-1	5.131008E+0
4.871987267E+6	-3.377465E+0	6.535639E-1	5.121277E+0
4.871987368E+6	-3.381033E+0	6.545371E-1	5.106031E+0
4.871987468E+6	-3.373897E+0	6.542127E-1	5.085919E+0
4.871987568E+6	-3.374546E+0	6.538883E-1	5.060941E+0
4.871987667E+6	-3.383952E+0	6.545371E-1	5.030449E+0
4.871987768E+6	-3.372924E+0	6.542127E-1	4.995739E+0
4.871987868E+6	-3.371626E+0	6.538883E-1	4.955516E+0
4.871987967E+6	-3.378762E+0	6.535639E-1	4.910750E+0
4.871988068E+6	-3.373248E+0	6.542127E-1	4.861119E+0
4.871988167E+6	-3.371302E+0	6.538883E-1	4.806623E+0
4.871988267E+6	-3.381033E+0	6.545371E-1	4.746611E+0
4.871988367E+6	-3.370653E+0	6.538883E-1	4.683032E+0
4.871988468E+6	-3.379736E+0	6.542127E-1	4.614587E+0
4.871988567E+6	-3.379411E+0	6.538883E-1	4.541600E+0
4.871988667E+6	-3.377141E+0	6.538883E-1	4.464397E+0
4.871988767E+6	-3.377141E+0	6.542127E-1	4.382652E+0
4.871988867E+6	-3.376492E+0	6.545371E-1	4.297014E+0
4.871988967E+6	-3.376492E+0	6.542127E-1	4.206511E+0
4.871989066E+6	-3.378114E+0	6.538883E-1	4.111142E+0
4.871989166E+6	-3.377141E+0	6.542127E-1	4.012205E+0
4.871989267E+6	-3.394332E+0	6.538883E-1	3.909700E+0
4.871989368E+6	-3.366112E+0	6.545371E-1	3.802329E+0
4.871989467E+6	-3.378438E+0	6.542127E-1	3.692039E+0
4.871989567E+6	-3.384277E+0	6.542127E-1	3.578505E+0
4.871989666E+6	-3.378114E+0	6.542127E-1	3.460754E+0
4.871989767E+6	-3.373248E+0	6.542127E-1	3.339759E+0
4.871989867E+6	-3.393035E+0	6.538883E-1	3.214872E+0
4.871989966E+6	-3.362219E+0	6.545371E-1	3.087389E+0
4.871990067E+6	-3.396927E+0	6.542127E-1	2.956988E+0
4.871990167E+6	-3.359624E+0	6.542127E-1	2.823018E+0
4.871990267E+6	-3.376167E+0	6.542127E-1	2.686778E+0
4.871990367E+6	-3.400820E+0	6.542127E-1	2.547618E+0
4.871990467E+6	-3.377465E+0	6.545371E-1	2.406513E+0
4.871990568E+6	-3.366112E+0	6.545371E-1	2.262487E+0
4.871990667E+6	-3.399847E+0	6.548614E-1	2.116516E+0
4.871990767E+6	-3.389467E+0	6.542127E-1	1.968599E+0
4.871990867E+6	-3.365139E+0	6.545371E-1	1.817762E+0
4.871990967E+6	-3.393359E+0	6.542127E-1	1.665952E+0
4.871991068E+6	-3.392711E+0	6.538883E-1	1.512196E+0
4.871991168E+6	-3.379736E+0	6.538883E-1	1.357791E+0
4.871991268E+6	-3.395306E+0	6.542127E-1	1.201116E+0
4.871991367E+6	-3.394332E+0	6.545371E-1	1.043467E+0
4.871991468E+6	-3.377141E+0	6.542127E-1	8.845216E-1
4.871991567E+6	-3.388494E+0	6.542127E-1	7.252516E-1
4.871991667E+6	-3.395954E+0	6.538883E-1	5.650086E-1
4.871991767E+6	-3.383628E+0	6.542127E-1	4.044412E-1
4.871991867E+6	-3.383304E+0	6.545371E-1	2.438740E-1
4.871991967E+6	-3.399522E+0	6.538883E-1	8.233368E-2
4.871992068E+6	-3.382006E+0	6.538883E-1	-7.726025E-2
4.871992169E+6	-3.385899E+0	6.538883E-1	-2.384760E-1
4.871992267E+6	-3.398549E+0	6.532395E-1	-3.990429E-1
4.871992367E+6	-3.383628E+0	6.542127E-1	-5.596097E-1
4.871992468E+6	-3.378438E+0	6.535639E-1	-7.195277E-1
4.871992568E+6	-3.403091E+0	6.538883E-1	-8.791212E-1
4.871992668E+6	-3.387521E+0	6.532395E-1	-1.037417E+0
4.871992768E+6	-3.380709E+0	6.542127E-1	-1.194740E+0
4.871992868E+6	-3.404388E+0	6.529152E-1	-1.350441E+0
4.871992966E+6	-3.389791E+0	6.532395E-1	-1.505493E+0
4.871993067E+6	-3.378762E+0	6.522664E-1	-1.658923E+0
4.871993167E+6	-3.390764E+0	6.525908E-1	-1.811379E+0
4.871993267E+6	-3.401469E+0	6.532395E-1	-1.959944E+0
4.871993367E+6	-3.381682E+0	6.532395E-1	-2.108508E+0
4.871993467E+6	-3.390440E+0	6.532395E-1	-2.255126E+0
4.871993567E+6	-3.392711E+0	6.538883E-1	-2.397527E+0
4.871993667E+6	-3.385899E+0	6.542127E-1	-2.539603E+0
4.871993767E+6	-3.390440E+0	6.538883E-1	-2.678436E+0
4.871993867E+6	-3.392062E+0	6.542127E-1	-2.816296E+0
4.871993968E+6	-3.384277E+0	6.538883E-1	-2.947668E+0
4.871994067E+6	-3.397576E+0	6.535639E-1	-3.078391E+0
4.871994168E+6	-3.394332E+0	6.538883E-1	-3.205222E+0
4.871994268E+6	-3.391413E+0	6.545371E-1	-3.329133E+0
4.871994368E+6	-3.403739E+0	6.542127E-1	-3.450449E+0
4.871994468E+6	-3.371626E+0	6.545371E-1	-3.567549E+0
4.871994569E+6	-3.392386E+0	6.545371E-1	-3.682053E+0
4.871994667E+6	-3.402766E+0	6.538883E-1	-3.792665E+0
4.871994767E+6	-3.382006E+0	6.535639E-1	-3.899384E+0
4.871994867E+6	-3.386223E+0	6.535639E-1	-4.001562E+0
4.871994967E+6	-3.412173E+0	6.532395E-1	-4.101145E+0
4.871995069E+6	-3.377789E+0	6.529152E-1	-4.195214E+0
4.871995167E+6	-3.388494E+0	6.538883E-1	-4.286363E+0
4.871995267E+6	-3.409254E+0	6.532395E-1	-4.372971E+0
4.871995368E+6	-3.384926E+0	6.535639E-1	-4.454714E+0
4.871995467E+6	-3.384926E+0	6.532395E-1	-4.533537E+0
4.871995579E+6	-3.396927E+0	6.529152E-1	-4.605872E+0
4.871995667E+6	-3.392386E+0	6.525908E-1	-4.674315E+0
4.871995767E+6	-3.385250E+0	6.525908E-1	-4.738217E+0
4.871995868E+6	-3.412497E+0	6.529152E-1	-4.797902E+0
4.871995967E+6	-3.390440E+0	6.529152E-1	-4.852721E+0
4.871996068E+6	-3.391413E+0	6.529152E-1	-4.902675E+0
4.871996168E+6	-3.398225E+0	6.535639E-1	-4.947763E+0
4.871996267E+6	-3.385899E+0	6.535639E-1	-4.988634E+0
4.871996366E+6	-3.400171E+0	6.535639E-1	-5.023667E+0
4.871996467E+6	-3.392386E+0	6.542127E-1	-5.054158E+0
4.871996567E+6	-3.376167E+0	6.545371E-1	-5.079459E+0
4.871996669E+6	-3.392711E+0	6.542127E-1	-5.100219E+0
4.871996767E+6	-3.393035E+0	6.545371E-1	-5.115140E+0
4.871996867E+6	-3.399522E+0	6.542127E-1	-5.125196E+0
4.871996967E+6	-3.387196E+0	6.545371E-1	-5.130710E+0
4.871997067E+6	-3.404712E+0	6.542127E-1	-5.131359E+0
4.871997168E+6	-3.389142E+0	6.535639E-1	-5.126169E+0
4.871997268E+6	-3.389791E+0	6.532395E-1	-5.116113E+0
4.871997368E+6	-3.414444E+0	6.535639E-1	-5.100868E+0
4.871997467E+6	-3.390116E+0	6.535639E-1	-5.081081E+0
4.871997566E+6	-3.392386E+0	6.535639E-1	-5.055780E+0
4.871997667E+6	-3.412822E+0	6.525908E-1	-5.025937E+0
4.871997767E+6	-3.406983E+0	6.529152E-1	-4.991229E+0
4.871997866E+6	-3.412497E+0	6.529152E-1	-4.951656E+0
4.871997967E+6	-3.403739E+0	6.535639E-1	-4.905919E+0
4.871998067E+6	-3.402117E+0	6.535639E-1	-4.856614E+0
4.871998168E+6	-3.392062E+0	6.538883E-1	-4.801795E+0
4.871998266E+6	-3.406659E+0	6.538883E-1	-4.742758E+0
4.871998367E+6	-3.399198E+0	6.535639E-1	-4.678857E+0
4.871998467E+6	-3.396603E+0	6.535639E-1	-4.610414E+0
4.871998567E+6	-3.403091E+0	6.538883E-1	-4.537105E+0
4.871998667E+6	-3.403091E+0	6.535639E-1	-4.459904E+0
4.871998767E+6	-3.400171E+0	6.535639E-1	-4.377188E+0
4.871998867E+6	-3.405361E+0	6.535639E-1	-4.289283E+0
4.871998969E+6	-3.403091E+0	6.532395E-1	-4.200080E+0
4.871999067E+6	-3.394981E+0	6.529152E-1	-4.106011E+0
4.871999167E+6	-3.402766E+0	6.525908E-1	-4.006752E+0
4.871999267E+6	-3.405037E+0	6.532395E-1	-3.893870E+0
4.871999378E+6	-3.395306E+0	6.529152E-1	-3.797855E+0
4.871999467E+6	-3.401469E+0	6.535639E-1	-3.687243E+0
4.871999568E+6	-3.404064E+0	6.529152E-1	-3.573387E+0
4.871999667E+6	-3.392386E+0	6.529152E-1	-3.456288E+0
4.871999766E+6	-3.401144E+0	6.529152E-1	-3.334972E+0
4.871999866E+6	-3.406659E+0	6.532395E-1	-3.210412E+0
4.871999967E+6	-3.394008E+0	6.535639E-1	-3.083581E+0
4.872000067E+6	-3.397901E+0	6.535639E-1	-2.952533E+0
4.872000166E+6	-3.405037E+0	6.538883E-1	-2.818891E+0
4.872000267E+6	-3.398225E+0	6.535639E-1	-2.682653E+0
4.872000368E+6	-3.391737E+0	6.532395E-1	-2.543820E+0
4.872000468E+6	-3.401469E+0	6.538883E-1	-2.402717E+0
4.872000567E+6	-3.398874E+0	6.538883E-1	-2.259018E+0
4.872000667E+6	-3.388818E+0	6.542127E-1	-2.112725E+0
4.872000767E+6	-3.400171E+0	6.542127E-1	-1.964485E+0
4.872000867E+6	-3.395630E+0	6.545371E-1	-1.814948E+0
4.872000969E+6	-3.395306E+0	6.542127E-1	-1.662166E+0
4.872001068E+6	-3.372924E+0	6.538883E-1	-1.508736E+0
4.872001167E+6	-3.403091E+0	6.542127E-1	-1.353036E+0
4.872001267E+6	-3.386547E+0	6.542127E-1	-1.197335E+0
4.872001367E+6	-3.381033E+0	6.545371E-1	-1.040012E+0
4.872001466E+6	-3.402117E+0	6.535639E-1	-8.817162E-1
4.872001567E+6	-3.387196E+0	6.529152E-1	-7.221227E-1
4.872001667E+6	-3.382655E+0	6.535639E-1	-5.618803E-1
4.872001767E+6	-3.404388E+0	6.532395E-1	-3.977454E-1
4.872001879E+6	-3.382331E+0	6.535639E-1	-2.391247E-1
4.872001968E+6	-3.382331E+0	6.535639E-1	-7.953089E-2
4.872002068E+6	-3.397576E+0	6.535639E-1	8.071179E-2
4.872002167E+6	-3.384926E+0	6.535639E-1	2.412789E-1
4.872002268E+6	-3.378114E+0	6.542127E-1	4.031437E-1
4.872002382E+6	-3.392386E+0	6.542127E-1	5.630623E-1
4.872002467E+6	-3.385250E+0	6.548614E-1	7.229810E-1
4.872002567E+6	-3.378438E+0	6.545371E-1	8.819266E-1
4.872002667E+6	-3.396279E+0	6.542127E-1	1.040548E+0
4.872002767E+6	-3.388169E+0	6.545371E-1	1.197872E+0
4.872002866E+6	-3.379736E+0	6.548614E-1	1.354223E+0
4.872002968E+6	-3.389791E+0	6.542127E-1	1.509276E+0
4.872003068E+6	-3.378114E+0	6.535639E-1	1.662708E+0
4.872003166E+6	-3.382979E+0	6.538883E-1	1.814193E+0
4.872003267E+6	-3.388169E+0	6.535639E-1	1.964382E+0
4.872003367E+6	-3.384277E+0	6.532395E-1	2.111975E+0
4.872003467E+6	-3.384277E+0	6.525908E-1	2.257622E+0
4.872003567E+6	-3.385899E+0	6.525908E-1	2.401971E+0
4.872003667E+6	-3.381357E+0	6.525908E-1	2.543401E+0
4.872003767E+6	-3.382655E+0	6.532395E-1	2.682561E+0
4.872003868E+6	-3.379736E+0	6.532395E-1	2.818477E+0
4.872003967E+6	-3.382979E+0	6.538883E-1	2.951473E+0
4.872004068E+6	-3.379087E+0	6.532395E-1	3.082524E+0
4.872004167E+6	-3.382331E+0	6.542127E-1	3.209682E+0
4.872004267E+6	-3.377465E+0	6.538883E-1	3.334244E+0
4.872004367E+6	-3.379087E+0	6.542127E-1	3.455564E+0
4.872004467E+6	-3.389142E+0	6.538883E-1	3.572990E+0
4.872004567E+6	-3.387196E+0	6.535639E-1	3.687173E+0
4.872004667E+6	-3.377141E+0	6.535639E-1	3.797788E+0
4.872004767E+6	-3.383304E+0	6.538883E-1	3.904185E+0
4.872004868E+6	-3.376816E+0	6.538883E-1	4.007339E+0
4.872004968E+6	-3.382655E+0	6.535639E-1	4.105628E+0
4.872005068E+6	-3.381033E+0	6.538883E-1	4.200023E+0
4.872005168E+6	-3.369356E+0	6.532395E-1	4.290851E+0
4.872005267E+6	-3.385899E+0	6.532395E-1	4.377462E+0
4.872005367E+6	-3.388818E+0	6.532395E-1	4.459855E+0
4.872005467E+6	-3.378438E+0	6.538883E-1	4.537708E+0
4.872005567E+6	-3.383628E+0	6.535639E-1	4.610370E+0
4.872005667E+6	-3.380384E+0	6.542127E-1	4.679139E+0
4.872005766E+6	-3.372599E+0	6.538883E-1	4.743043E+0
4.872005868E+6	-3.375843E+0	6.535639E-1	4.802730E+0
4.872005967E+6	-3.383304E+0	6.529152E-1	4.857876E+0
4.872006067E+6	-3.372924E+0	6.535639E-1	4.908155E+0
4.872006167E+6	-3.380709E+0	6.529152E-1	4.953569E+0
4.872006267E+6	-3.377465E+0	6.538883E-1	4.994117E+0
4.872006368E+6	-3.371626E+0	6.538883E-1	5.028827E+0
4.872006467E+6	-3.370653E+0	6.538883E-1	5.059319E+0
4.872006568E+6	-3.378762E+0	6.535639E-1	5.084945E+0
4.872006668E+6	-3.374221E+0	6.542127E-1	5.104733E+0
4.872006767E+6	-3.374546E+0	6.535639E-1	5.120304E+0
4.872006867E+6	-3.378114E+0	6.538883E-1	5.130359E+0
4.872006966E+6	-3.375194E+0	6.542127E-1	5.135550E+0
4.872007070E+6	-3.373572E+0	6.538883E-1	5.135550E+0
4.872007167E+6	-3.379087E+0	6.538883E-1	5.130035E+0
4.872007267E+6	-3.382006E+0	6.535639E-1	5.120628E+0
4.872007367E+6	-3.368382E+0	6.532395E-1	5.105382E+0
4.872007467E+6	-3.378438E+0	6.538883E-1	5.085270E+0
4.872007567E+6	-3.384277E+0	6.538883E-1	5.060292E+0
4.872007667E+6	-3.371626E+0	6.535639E-1	5.030124E+0
4.872007766E+6	-3.378762E+0	6.535639E-1	4.995415E+0
4.872007867E+6	-3.384601E+0	6.532395E-1	4.955840E+0
4.872007968E+6	-3.371951E+0	6.538883E-1	4.910750E+0
4.872008067E+6	-3.378762E+0	6.538883E-1	4.860471E+0
4.872008166E+6	-3.385899E+0	6.545371E-1	4.805974E+0
4.872008268E+6	-3.378114E+0	6.538883E-1	4.746936E+0
4.872008367E+6	-3.375194E+0	6.545371E-1	4.683681E+0
4.872008467E+6	-3.380709E+0	6.542127E-1	4.615236E+0
4.872008566E+6	-3.372275E+0	6.538883E-1	4.541925E+0
4.872008667E+6	-3.382979E+0	6.529152E-1	4.464397E+0
4.872008766E+6	-3.386872E+0	6.542127E-1	4.382327E+0
4.872008867E+6	-3.372275E+0	6.538883E-1	4.296366E+0
4.872008967E+6	-3.378114E+0	6.538883E-1	4.205214E+0
4.872009067E+6	-3.373897E+0	6.542127E-1	4.110169E+0
4.872009167E+6	-3.371302E+0	6.545371E-1	4.011232E+0
4.872009267E+6	-3.376492E+0	6.542127E-1	3.908727E+0
4.872009367E+6	-3.386223E+0	6.548614E-1	3.802005E+0
4.872009467E+6	-3.380384E+0	6.548614E-1	3.691714E+0
4.872009566E+6	-3.380060E+0	6.551858E-1	3.577532E+0
4.872009667E+6	-3.392386E+0	6.548614E-1	3.460105E+0
4.872009767E+6	-3.378438E+0	6.551858E-1	3.339759E+0
4.872009868E+6	-3.377141E+0	6.548614E-1	3.215196E+0
4.872009968E+6	-3.389142E+0	6.545371E-1	3.087389E+0
4.872010068E+6	-3.382331E+0	6.542127E-1	2.957312E+0
4.872010167E+6	-3.375194E+0	6.542127E-1	2.823018E+0
4.872010267E+6	-3.386547E+0	6.542127E-1	2.683210E+0
4.872010369E+6	-3.380709E+0	6.538883E-1	2.547618E+0
4.872010466E+6	-3.378762E+0	6.545371E-1	2.406188E+0
4.872010567E+6	-3.387845E+0	6.548614E-1	2.261839E+0
4.872010666E+6	-3.382331E+0	6.548614E-1	2.116516E+0
4.872010767E+6	-3.375843E+0	6.542127E-1	1.968599E+0
4.872010867E+6	-3.387521E+0	6.538883E-1	1.818086E+0
4.872010966E+6	-3.373572E+0	6.535639E-1	1.666276E+0
4.872011066E+6	-3.388169E+0	6.548614E-1	1.512520E+0
4.872011167E+6	-3.386547E+0	6.548614E-1	1.357467E+0
4.872011267E+6	-3.383304E+0	6.548614E-1	1.200791E+0
4.872011367E+6	-3.391089E+0	6.548614E-1	1.043467E+0
4.872011467E+6	-3.391089E+0	6.545371E-1	8.845216E-1
4.872011568E+6	-3.381357E+0	6.545371E-1	7.249272E-1
4.872011668E+6	-3.394981E+0	6.545371E-1	5.646842E-1
4.872011767E+6	-3.391737E+0	6.545371E-1	4.037925E-1
4.872011868E+6	-3.384926E+0	6.542127E-1	2.425765E-1
4.872011968E+6	-3.392062E+0	6.548614E-1	8.233368E-2
4.872012066E+6	-3.391089E+0	6.542127E-1	-7.855776E-2
4.872012167E+6	-3.385250E+0	6.538883E-1	-2.391247E-1
4.872012267E+6	-3.390116E+0	6.545371E-1	-3.996916E-1
4.872012367E+6	-3.388818E+0	6.545371E-1	-5.602584E-1
4.872012466E+6	-3.389467E+0	6.545371E-1	-7.198520E-1
4.872012567E+6	-3.390440E+0	6.548614E-1	-8.791212E-1
4.872012667E+6	-3.396603E+0	6.545371E-1	-1.037741E+0
4.872012768E+6	-3.394332E+0	6.545371E-1	-1.195064E+0
4.872012868E+6	-3.394981E+0	6.542127E-1	-1.351089E+0
4.872012967E+6	-3.390116E+0	6.542127E-1	-1.505817E+0
4.872013067E+6	-3.394332E+0	6.535639E-1	-1.659247E+0
4.872013167E+6	-3.389791E+0	6.538883E-1	-1.811379E+0
4.872013268E+6	-3.392711E+0	6.538883E-1	-1.960592E+0
4.872013368E+6	-3.396603E+0	6.545371E-1	-2.108832E+0
4.872013467E+6	-3.393359E+0	6.542127E-1	-2.254477E+0
4.872013567E+6	-3.387845E+0	6.542127E-1	-2.397851E+0
4.872013667E+6	-3.392062E+0	6.532395E-1	-2.539279E+0
4.872013767E+6	-3.395306E+0	6.535639E-1	-2.678436E+0
4.872013867E+6	-3.385250E+0	6.535639E-1	-2.814349E+0
4.872013967E+6	-3.389467E+0	6.538883E-1	-2.947992E+0
4.872014067E+6	-3.386223E+0	6.538883E-1	-3.078391E+0
4.872014168E+6	-3.408605E+0	6.542127E-1	-3.205222E+0
4.872014267E+6	-3.380709E+0	6.542127E-1	-3.331079E+0
4.872014368E+6	-3.399522E+0	6.545371E-1	-3.450449E+0
4.872014467E+6	-3.379411E+0	6.545371E-1	-3.568197E+0
4.872014567E+6	-3.393359E+0	6.548614E-1	-3.682377E+0
4.872014668E+6	-3.406659E+0	6.551858E-1	-3.792341E+0
4.872014768E+6	-3.362868E+0	6.555102E-1	-3.899060E+0
4.872014868E+6	-3.393035E+0	6.555102E-1	-4.001887E+0
4.872014968E+6	-3.422229E+0	6.555102E-1	-4.100497E+0
4.872015068E+6	-3.358651E+0	6.551858E-1	-4.195538E+0
4.872015167E+6	-3.395630E+0	6.558346E-1	-4.286039E+0
4.872015267E+6	-3.417039E+0	6.555102E-1	-4.372323E+0
4.872015367E+6	-3.372599E+0	6.548614E-1	-4.454389E+0
4.872015466E+6	-3.379736E+0	6.555102E-1	-4.532564E+0
4.872015567E+6	-3.418661E+0	6.551858E-1	-4.606197E+0
4.872015667E+6	-3.389142E+0	6.548614E-1	-4.673991E+0
4.872015767E+6	-3.382655E+0	6.545371E-1	-4.738542E+0
4.872015867E+6	-3.433582E+0	6.545371E-1	-4.798226E+0
4.872015968E+6	-3.390764E+0	6.551858E-1	-4.852721E+0
4.872016067E+6	-3.363841E+0	6.545371E-1	-4.902999E+0
4.872016166E+6	-3.433906E+0	6.538883E-1	-4.948412E+0
4.872016267E+6	-3.380384E+0	6.535639E-1	-4.988310E+0
4.872016367E+6	-3.375843E+0	6.538883E-1	-5.023667E+0
4.872016467E+6	-3.429365E+0	6.538883E-1	-5.053834E+0
4.872016568E+6	-3.394332E+0	6.538883E-1	-5.079135E+0
4.872016668E+6	-3.369680E+0	6.538883E-1	-5.099895E+0
4.872016767E+6	-3.430987E+0	6.542127E-1	-5.115140E+0
4.872016868E+6	-3.400496E+0	6.545371E-1	-5.125520E+0
4.872016967E+6	-3.364166E+0	6.551858E-1	-5.130710E+0
4.872017067E+6	-3.418661E+0	6.545371E-1	-5.131035E+0
4.872017167E+6	-3.406659E+0	6.542127E-1	-5.125845E+0
4.872017267E+6	-3.372924E+0	6.542127E-1	-5.115789E+0
4.872017367E+6	-3.408605E+0	6.538883E-1	-5.100868E+0
4.872017466E+6	-3.425797E+0	6.538883E-1	-5.081081E+0
4.872017567E+6	-3.370653E+0	6.542127E-1	-5.055780E+0
4.872017668E+6	-3.393035E+0	6.542127E-1	-5.025937E+0
4.872017768E+6	-3.422877E+0	6.542127E-1	-4.991229E+0
4.872017867E+6	-3.390764E+0	6.538883E-1	-4.951007E+0
4.872017967E+6	-3.376816E+0	6.535639E-1	-4.906243E+0
4.872018067E+6	-3.418336E+0	6.538883E-1	-4.856614E+0
4.872018167E+6	-3.394657E+0	6.538883E-1	-4.801795E+0
4.872018267E+6	-3.383952E+0	6.535639E-1	-4.742434E+0
4.872018368E+6	-3.409254E+0	6.535639E-1	-4.678857E+0
4.872018468E+6	-3.396603E+0	6.538883E-1	-4.610089E+0
4.872018567E+6	-3.381357E+0	6.545371E-1	-4.537105E+0
4.872018667E+6	-3.405037E+0	6.545371E-1	-4.459255E+0
4.872018768E+6	-3.401793E+0	6.545371E-1	-4.377188E+0
